1758578168462 0.007705895617166138 0
1758578168466 0.006928208120922772 1
1758578168470 0.006390303040082271 2
1758578168474 0.0060252488154627195 3
1758578168478 0.005718042539892993 4
1758578168481 0.00551351477443978 5
1758578168485 0.0052915862597765345 6
1758578168489 0.005100992604676746 7
1758578168493 0.004916744797326999 8
1758578168497 0.004765985343288758 9
1758578168500 0.004616187052254125 10
1758578168504 0.004492944683720126 11
1758578168509 0.004372818792751169 12
1758578168513 0.004263802671123485 13
1758578168517 0.0041629243656040316 14
1758578168521 0.004059938043312777 15
1758578168525 0.00396835872797969 16
1758578168529 0.0038553282256831322 17
1758578168533 0.0037718176546324036 18
1758578168537 0.0036779336943063095 19
1758578168541 0.0036075334976557972 20
1758578168545 0.003537090165540021 21
1758578168549 0.003463609812870597 22
1758578168552 0.003404907030642726 23
1758578168557 0.00334482805403439 24
1758578168561 0.00328698767669168 25
1758578168564 0.0032064719817260796 26
1758578168568 0.0031434270760089525 27
1758578168572 0.003083849793818926 28
1758578168576 0.0030276419074748424 29
1758578168581 0.0029755407259333543 30
1758578168585 0.0029090288020749183 31
1758578168589 0.0028526801248451067 32
1758578168593 0.0028111257239905336 33
1758578168598 0.0027635916370017314 34
1758578168601 0.0026848448640696466 35
1758578168606 0.0026497300786761106 36
1758578168609 0.002586170090480044 37
1758578168614 0.002520275978229756 38
1758578168617 0.0024744222244263816 39
1758578168621 0.002432508541880185 40
1758578168626 0.0023976924638333683 41
1758578168630 0.0023580176882960473 42
1758578168633 0.0023267257422898437 43
1758578168637 0.00229091651913268 44
1758578168642 0.0022515242424914254 45
1758578168646 0.0022180514991510824 46
1758578168650 0.002157946398932945 47
1758578168654 0.0020827714742308544 48
1758578168659 0.0020574117588998196 49
1758578168663 0.002024034462978304 50
1758578168667 0.00199075647193629 51
1758578168671 0.001963832548235439 52
1758578168675 0.0019346473906012578 53
1758578168679 0.0019108981124923363 54
1758578168683 0.001885811490942048 55
1758578168687 0.0018560398777284516 56
1758578168692 0.0018301373085805967 57
1758578168696 0.0018096088892159275 58
1758578168700 0.0017823465388819714 59
1758578168703 0.0017605861853929405 60
1758578168708 0.0017324933618917604 61
1758578168712 0.0017119706298707245 62
1758578168716 0.0016910984172504783 63
1758578168721 0.0016726556324037868 64
1758578168725 0.0016542556730652792 65
1758578168729 0.0016357967723871806 66
1758578168733 0.0016186668643821294 67
1758578168738 0.001597716296988296 68
1758578168742 0.00158204385283383 69
1758578168746 0.0015664075465763802 70
1758578168750 0.001545225663431699 71
1758578168754 0.0015256899374895103 72
1758578168758 0.0015052166369944834 73
1758578168762 0.0014801131689394249 74
1758578168766 0.0014638324304329716 75
1758578168770 0.0014489289059185762 76
1758578168775 0.0014350918593061903 77
1758578168779 0.0014169538018829594 78
1758578168783 0.0014038882039778 79
1758578168787 0.0013854626378889728 80
1758578168792 0.0013734617472272244 81
1758578168796 0.0013609138723253813 82
1758578168800 0.001347332694365007 83
1758578168804 0.0013298738380269621 84
1758578168808 0.001311079517803101 85
1758578168813 0.0012923796457234608 86
1758578168817 0.0012792967731615394 87
1758578168821 0.0012636908432458991 88
1758578168825 0.0012518357028658933 89
1758578168829 0.001237941563724073 90
1758578168833 0.0012275229712429491 91
1758578168837 0.0012124673657224882 92
1758578168842 0.0012020762939943409 93
1758578168846 0.0011896927340241466 94
1758578168850 0.0011801189303846146 95
1758578168855 0.001168027284534752 96
1758578168860 0.0011555125929521696 97
1758578168863 0.0011427833928668 98
1758578168868 0.0011350584379989852 99
1758578168872 0.001118955771769268 100
1758578168876 0.0011120564973837272 101
1758578168880 0.0011037592830163508 102
1758578168884 0.0010936137171300602 103
1758578168889 0.0010844725649988396 104
1758578168893 0.001073454252488061 105
1758578168897 0.0010614360283521286 106
1758578168901 0.0010519581585462215 107
1758578168906 0.0010392059499604136 108
1758578168910 0.0010316269962490048 109
1758578168915 0.0010206099040449541 110
1758578168919 0.0010126536269021117 111
1758578168924 0.0010070615398139037 112
1758578168928 0.0009972574207809048 113
1758578168932 0.000987639187551035 114
1758578168936 0.0009786366694295866 115
1758578168941 0.0009724104063259589 116
1758578168946 0.0009644146516735263 117
1758578168950 0.0009568594169688759 118
1758578168954 0.000949692217136256 119
1758578168959 0.0009394826289746566 120
1758578168963 0.0009341303606675651 121
1758578168967 0.0009227019902094209 122
1758578168971 0.0009138216881559839 123
1758578168975 0.0009071960080700011 124
1758578168980 0.0008988772604752287 125
1758578168985 0.0008883374485292884 126
1758578168989 0.0008808243395359146 127
1758578168462 0.007705895617166138 0
