1758578167607 0.11661184532210152 0
1758578167610 0.13283726316338085 1
1758578167613 0.13596490425926414 2
1758578167615 0.143963502063441 3
1758578167618 0.14443813926855598 4
1758578167622 0.2934466860346501 5
1758578167625 0.2960554012231246 6
1758578167628 0.29646109476010263 7
1758578167631 0.297980698910754 8
1758578167633 0.29996646271943234 9
1758578167636 0.3014045259841068 10
1758578167640 0.34586947336022444 11
1758578167642 0.3608928279366928 12
1758578167645 0.3650077280681776 13
1758578167648 0.3654502060252024 14
1758578167651 0.3699247307724549 15
1758578167654 0.3777483514732 16
1758578167657 0.38547692346229245 17
1758578167660 0.3952277635701324 18
1758578167662 0.3996783609961171 19
1758578167665 0.41805481170365827 20
1758578167668 0.4211984824745333 21
1758578167671 0.42433604997751323 22
1758578167674 0.4389453789885983 23
1758578167676 0.44888138678758893 24
1758578167679 0.43880108585509514 25
1758578167681 0.4614689304382779 26
1758578167684 0.4655162558751662 27
1758578167687 0.4741143065872762 28
1758578167690 0.47855880585901717 29
1758578167693 0.4826438934273418 30
1758578167696 0.49142451413862576 31
1758578167698 0.49544293697352143 32
1758578167701 0.5000881821256755 33
1758578167704 0.5051827816203439 34
1758578167707 0.5098152556544192 35
1758578167710 0.521859185154802 36
1758578167713 0.531469104636086 37
1758578167716 0.5443126416249858 38
1758578167719 0.5533303093726661 39
1758578167722 0.562151801782023 40
1758578167725 0.571129908919983 41
1758578167728 0.5818472718623601 42
1758578167731 0.5886951540500182 43
1758578167733 0.5953154837320211 44
1758578167736 0.6089100275860131 45
1758578167740 0.6206309681155308 46
1758578167743 0.6295869143114963 47
1758578167745 0.6451610737707174 48
1758578167748 0.6532597867138359 49
1758578167751 0.6620190115012234 50
1758578167754 0.6708924675363066 51
1758578167757 0.6784098934731237 52
1758578167760 0.689727521445936 53
1758578167763 0.7058748588033233 54
1758578167766 0.7144368464891347 55
1758578167768 0.7213842822701465 56
1758578167771 0.7311369330186545 57
1758578167775 0.7384607498102667 58
1758578167777 0.7481465662157439 59
1758578167780 0.7573555037885994 60
1758578167783 0.7667602313062671 61
1758578167787 0.7744168419021349 62
1758578167790 0.7799329739212227 63
1758578167793 0.7868377329326939 64
1758578167796 0.7921604279014579 65
1758578167799 0.7988242113883655 66
1758578167801 0.8037591952410924 67
1758578167804 0.8102327669526319 68
1758578167808 0.8169887216385348 69
1758578167810 0.823636393925545 70
1758578167813 0.8319876840375754 71
1758578167816 0.8379521373286131 72
1758578167819 0.8459445745881837 73
1758578167822 0.8538892263731679 74
1758578167825 0.8576296195730003 75
1758578167828 0.8646663776963337 76
1758578167831 0.8711454850424767 77
1758578167834 0.8804713381437274 78
1758578167837 0.8816160387707174 79
1758578167840 0.8905511413365309 80
1758578167843 0.8911174970297463 81
1758578167846 0.8953347553224329 82
1758578167850 0.9018549732871085 83
1758578167853 0.9077820288688054 84
1758578167856 0.9161015330452934 85
1758578167860 0.9203729190581478 86
1758578167863 0.9235170800185823 87
1758578167865 0.9275977361770742 88
1758578167868 0.93082305232122 89
1758578167871 0.9320492971007389 90
1758578167875 0.9363576587950375 91
1758578167878 0.9401957631388421 92
1758578167881 0.9414773755093199 93
1758578167883 0.9438463040865465 94
1758578167886 0.9455298905477639 95
1758578167890 0.9479169382999562 96
1758578167893 0.9519781483325825 97
1758578167896 0.9561643787555099 98
1758578167899 0.9578354539355475 99
1758578167902 0.9601244815044578 100
1758578167904 0.960788794547554 101
1758578167908 0.9624585686772323 102
1758578167911 0.9639090057303323 103
1758578167914 0.9663429105350896 104
1758578167918 0.9658984623014766 105
1758578167922 0.9681511515710229 106
1758578167925 0.968168133809687 107
1758578167928 0.9715811319876884 108
1758578167931 0.9716948030115073 109
1758578167934 0.9740412208433269 110
1758578167937 0.9774411502866759 111
1758578167941 0.9774411502866759 112
1758578167945 0.9783815879519797 113
1758578167948 0.9819312095136588 114
1758578167950 0.9820192549514626 115
1758578167954 0.9823066724519949 116
1758578167957 0.9824877931034848 117
1758578167961 0.9856386367995531 118
1758578167965 0.9856889302028577 119
1758578167968 0.9870151162933156 120
1758578167972 0.9870151162933156 121
1758578167975 0.9888504485328754 122
1758578167979 0.989132916999123 123
1758578167982 0.989132916999123 124
1758578167985 0.9893524077805101 125
1758578167988 0.9903850421956356 126
1758578167992 0.9906536353233563 127
1758578167607 0.11661184532210152 0
