1758578172756 0.11661184532210152 0
1758578172758 0.13283726316338085 1
1758578172761 0.13596490425926414 2
1758578172764 0.143963502063441 3
1758578172766 0.14443813926855598 4
1758578172769 0.2934466860346501 5
1758578172772 0.2960554012231246 6
1758578172774 0.29646109476010263 7
1758578172777 0.297980698910754 8
1758578172780 0.29996646271943234 9
1758578172782 0.3014045259841068 10
1758578172785 0.34586947336022444 11
1758578172788 0.3608928279366928 12
1758578172790 0.3650077280681776 13
1758578172793 0.3654502060252024 14
1758578172796 0.3699247307724549 15
1758578172799 0.3777483514732 16
1758578172801 0.38547692346229245 17
1758578172804 0.3952277635701324 18
1758578172807 0.3996783609961171 19
1758578172810 0.41805481170365827 20
1758578172812 0.4211984824745333 21
1758578172815 0.42433604997751323 22
1758578172817 0.4389453789885983 23
1758578172820 0.44888138678758893 24
1758578172823 0.43880108585509514 25
1758578172825 0.4614689304382779 26
1758578172828 0.4655162558751662 27
1758578172831 0.4741143065872762 28
1758578172834 0.47855880585901717 29
1758578172837 0.4826438934273418 30
1758578172840 0.49142451413862576 31
1758578172843 0.49544293697352143 32
1758578172846 0.5000881821256755 33
1758578172848 0.5051827816203439 34
1758578172851 0.5098152556544192 35
1758578172854 0.521859185154802 36
1758578172857 0.531469104636086 37
1758578172860 0.5443126416249858 38
1758578172862 0.5533303093726661 39
1758578172866 0.562151801782023 40
1758578172868 0.571129908919983 41
1758578172871 0.5818472718623601 42
1758578172874 0.5886951540500182 43
1758578172877 0.5953154837320211 44
1758578172880 0.6089100275860131 45
1758578172882 0.6206309681155308 46
1758578172885 0.6295869143114963 47
1758578172888 0.6451610737707174 48
1758578172891 0.6532597867138359 49
1758578172894 0.6620190115012234 50
1758578172897 0.6708924675363066 51
1758578172900 0.6784098934731237 52
1758578172902 0.689727521445936 53
1758578172905 0.7058748588033233 54
1758578172908 0.7144368464891347 55
1758578172911 0.7213842822701465 56
1758578172914 0.7311369330186545 57
1758578172917 0.7384607498102667 58
1758578172920 0.7481465662157439 59
1758578172922 0.7573555037885994 60
1758578172925 0.7667602313062671 61
1758578172928 0.7744168419021349 62
1758578172931 0.7799329739212227 63
1758578172934 0.7868377329326939 64
1758578172937 0.7921604279014579 65
1758578172940 0.7988242113883655 66
1758578172943 0.8037591952410924 67
1758578172946 0.8102327669526319 68
1758578172948 0.8169887216385348 69
1758578172952 0.823636393925545 70
1758578172954 0.8319876840375754 71
1758578172957 0.8379521373286131 72
1758578172960 0.8459445745881837 73
1758578172963 0.8538892263731679 74
1758578172966 0.8576296195730003 75
1758578172969 0.8646663776963337 76
1758578172972 0.8711454850424767 77
1758578172975 0.8804713381437274 78
1758578172978 0.8816160387707174 79
1758578172981 0.8905511413365309 80
1758578172984 0.8911174970297463 81
1758578172987 0.8953347553224329 82
1758578172989 0.9018549732871085 83
1758578172993 0.9077820288688054 84
1758578172996 0.9161015330452934 85
1758578172999 0.9203729190581478 86
1758578173002 0.9235170800185823 87
1758578173005 0.9275977361770742 88
1758578173008 0.93082305232122 89
1758578173011 0.9320492971007389 90
1758578173014 0.9363576587950375 91
1758578173017 0.9401957631388421 92
1758578173020 0.9414773755093199 93
1758578173023 0.9438463040865465 94
1758578173026 0.9455298905477639 95
1758578173029 0.9479169382999562 96
1758578173032 0.9519781483325825 97
1758578173036 0.9561643787555099 98
1758578173039 0.9578354539355475 99
1758578173042 0.9601244815044578 100
1758578173045 0.960788794547554 101
1758578173048 0.9624585686772323 102
1758578173051 0.9639090057303323 103
1758578173055 0.9663429105350896 104
1758578173058 0.9658984623014766 105
1758578173061 0.9681511515710229 106
1758578173064 0.968168133809687 107
1758578173067 0.9715811319876884 108
1758578173070 0.9716948030115073 109
1758578173073 0.9740412208433269 110
1758578173076 0.9774411502866759 111
1758578173080 0.9774411502866759 112
1758578173083 0.9783815879519797 113
1758578173086 0.9819312095136588 114
1758578173096 0.9820192549514626 115
1758578173099 0.9823066724519949 116
1758578173102 0.9824877931034848 117
1758578173105 0.9856386367995531 118
1758578173108 0.9856889302028577 119
1758578173111 0.9870151162933156 120
1758578173115 0.9870151162933156 121
1758578173118 0.9888504485328754 122
1758578173121 0.989132916999123 123
1758578173124 0.989132916999123 124
1758578173127 0.9893524077805101 125
1758578173131 0.9903850421956356 126
1758578173134 0.9906536353233563 127
1758578173137 0.9929182944553191 128
1758578173140 0.9942074470933939 129
1758578173144 0.9942074470933939 130
1758578173147 0.9942074470933939 131
1758578173150 0.9943091739286661 132
1758578173153 0.9954916266142302 133
1758578173156 0.9959508688645172 134
1758578173159 0.9959508688645172 135
1758578173162 0.9965525137284572 136
1758578173166 0.9970892038143276 137
1758578173169 0.9973410232094575 138
1758578173172 0.9976286274660005 139
1758578173175 0.9981516576438497 140
1758578173179 0.9983996735168655 141
1758578173182 0.9983996735168655 142
1758578173185 0.9989157656706549 143
1758578173188 0.9989157656706549 144
1758578173191 0.9989157656706549 145
1758578173194 0.9991936206303659 146
1758578173198 0.9989157656706549 147
1758578173201 0.9994668446740818 148
1758578173204 0.9994668446740818 149
1758578173207 0.9994668446740818 150
1758578173210 0.9994668446740818 151
1758578173213 0.9994668446740818 152
1758578173216 0.9994668446740818 153
1758578173219 0.9994668446740818 154
1758578173222 0.9994668446740818 155
1758578173226 0.9994668446740818 156
1758578173229 0.9994668446740818 157
1758578173233 0.9994668446740818 158
1758578172756 0.11661184532210152 0
