1758578173826 0.007705895617166138 0
1758578173831 0.006928208120922773 1
1758578173834 0.006390303040082271 2
1758578173838 0.0060252488154627195 3
1758578173843 0.005718042539892992 4
1758578173847 0.00551351477443978 5
1758578173851 0.0052915862597765345 6
1758578173855 0.005100992604676746 7
1758578173859 0.004916744797326999 8
1758578173864 0.004765985343288757 9
1758578173868 0.004616187052254125 10
1758578173872 0.004492944683720126 11
1758578173876 0.004372818792751168 12
1758578173880 0.004263802671123485 13
1758578173884 0.004162924365604031 14
1758578173888 0.004059938043312776 15
1758578173893 0.00396835872797969 16
1758578173897 0.0038553282256831322 17
1758578173901 0.0037718176546324036 18
1758578173905 0.0036779336943063095 19
1758578173909 0.003607533497655797 20
1758578173913 0.003537090165540021 21
1758578173917 0.003463609812870597 22
1758578173921 0.0034049070306427258 23
1758578173926 0.003344828054034389 24
1758578173930 0.0032869876766916804 25
1758578173934 0.0032064719817260796 26
1758578173938 0.003143427076008952 27
1758578173943 0.003083849793818926 28
1758578173947 0.0030276419074748424 29
1758578173951 0.0029755407259333543 30
1758578173955 0.0029090288020749183 31
1758578173959 0.0028526801248451063 32
1758578173964 0.0028111257239905336 33
1758578173968 0.0027635916370017314 34
1758578173972 0.0026848448640696466 35
1758578173977 0.00264973007867611 36
1758578173981 0.002586170090480044 37
1758578173985 0.0025202759782297557 38
1758578173989 0.0024744222244263816 39
1758578173994 0.0024325085418801847 40
1758578173998 0.002397692463833368 41
1758578174002 0.0023580176882960473 42
1758578174006 0.0023267257422898437 43
1758578174011 0.00229091651913268 44
1758578174015 0.0022515242424914254 45
1758578174020 0.0022180514991510824 46
1758578174024 0.0021579463989329453 47
1758578174028 0.0020827714742308544 48
1758578174033 0.0020574117588998196 49
1758578174037 0.002024034462978304 50
1758578174041 0.00199075647193629 51
1758578174045 0.001963832548235439 52
1758578174050 0.0019346473906012578 53
1758578174054 0.0019108981124923363 54
1758578174058 0.0018858114909420481 55
1758578174063 0.0018560398777284516 56
1758578174068 0.0018301373085805967 57
1758578174072 0.0018096088892159273 58
1758578174076 0.0017823465388819711 59
1758578174081 0.0017605861853929405 60
1758578174085 0.0017324933618917604 61
1758578174089 0.0017119706298707247 62
1758578174093 0.0016910984172504783 63
1758578174098 0.0016726556324037868 64
1758578174102 0.0016542556730652792 65
1758578174106 0.001635796772387181 66
1758578174111 0.0016186668643821294 67
1758578174115 0.001597716296988296 68
1758578174119 0.0015820438528338298 69
1758578174123 0.0015664075465763802 70
1758578174128 0.0015452256634316992 71
1758578174132 0.0015256899374895103 72
1758578174136 0.0015052166369944836 73
1758578174141 0.0014801131689394249 74
1758578174145 0.0014638324304329718 75
1758578174150 0.0014489289059185762 76
1758578174154 0.0014350918593061903 77
1758578174158 0.0014169538018829594 78
1758578174163 0.0014038882039778 79
1758578174167 0.0013854626378889728 80
1758578174171 0.0013734617472272244 81
1758578174176 0.0013609138723253813 82
1758578174180 0.001347332694365007 83
1758578174185 0.0013298738380269621 84
1758578174189 0.0013110795178031011 85
1758578174194 0.0012923796457234608 86
1758578174198 0.0012792967731615394 87
1758578174203 0.0012636908432458991 88
1758578174207 0.0012518357028658933 89
1758578174211 0.001237941563724073 90
1758578174216 0.0012275229712429491 91
1758578174220 0.0012124673657224882 92
1758578174224 0.001202076293994341 93
1758578174229 0.0011896927340241466 94
1758578174234 0.0011801189303846146 95
1758578174238 0.001168027284534752 96
1758578174243 0.0011555125929521696 97
1758578174248 0.0011427833928668 98
1758578174252 0.0011350584379989852 99
1758578174257 0.0011189557717692685 100
1758578174261 0.0011120564973837272 101
1758578174266 0.0011037592830163508 102
1758578174270 0.0010936137171300602 103
1758578174275 0.0010844725649988396 104
1758578174280 0.001073454252488061 105
1758578174284 0.0010614360283521286 106
1758578174289 0.0010519581585462213 107
1758578174294 0.0010392059499604136 108
1758578174299 0.0010316269962490048 109
1758578174304 0.0010206099040449541 110
1758578174309 0.0010126536269021117 111
1758578174314 0.0010070615398139037 112
1758578174319 0.0009972574207809048 113
1758578174323 0.000987639187551035 114
1758578174328 0.0009786366694295866 115
1758578174333 0.0009724104063259589 116
1758578174338 0.0009644146516735263 117
1758578174343 0.0009568594169688759 118
1758578174349 0.000949692217136256 119
1758578174354 0.0009394826289746567 120
1758578174359 0.0009341303606675652 121
1758578174363 0.0009227019902094209 122
1758578174368 0.0009138216881559839 123
1758578174373 0.0009071960080700011 124
1758578174378 0.0008988772604752288 125
1758578174382 0.0008883374485292884 126
1758578174387 0.0008808243395359146 127
1758578174392 0.0008738206055183963 128
1758578174397 0.000865106376922069 129
1758578174402 0.0008577641199305954 130
1758578174407 0.0008501839110315167 131
1758578174412 0.0008419105429362371 132
1758578174417 0.0008344238440125419 133
1758578174421 0.0008269483975007605 134
1758578174434 0.0008216058516659354 135
1758578174439 0.0008130640408053306 136
1758578174444 0.0008035085054899086 137
1758578174449 0.0007977189726004601 138
1758578174453 0.0007906514733572658 139
1758578174458 0.0007847678552039704 140
1758578174463 0.0007788565015208652 141
1758578174468 0.0007719282744538599 142
1758578174473 0.0007649467142270335 143
1758578174478 0.0007573680875908863 144
1758578174483 0.000750878783368604 145
1758578174488 0.0007456292538074328 146
1758578174493 0.0007392704144631986 147
1758578174498 0.0007341985326818845 148
1758578174503 0.0007297989523237167 149
1758578174508 0.0007230427227984083 150
1758578174514 0.0007181088514269064 151
1758578174518 0.0007114724971840307 152
1758578174523 0.0007058784851319856 153
1758578174528 0.000702069212802863 154
1758578174533 0.0006970629327597111 155
1758578174538 0.0006935586863824083 156
1758578174547 0.0006877531769002738 157
1758578174552 0.0006825965216009701 158
1758578173826 0.007705895617166138 0
