1758578255188 0.6480102321285008 0
1758578255192 0.607399795206069 1
1758578255197 0.570162313860257 2
1758578255201 0.536090059618018 3
1758578255205 0.5051735544273427 4
1758578255209 0.489897893576397 5
1758578255213 0.4623244994806918 6
1758578255218 0.437324405263833 7
1758578255222 0.4138360239384533 8
1758578255226 0.39228944985094966 9
1758578255230 0.372436312067191 10
1758578255235 0.35362508842671014 11
1758578255239 0.3357889881639113 12
1758578255243 0.3272170008673677 13
1758578255248 0.31105785317897156 14
1758578255253 0.29602088218237455 15
1758578255257 0.28894225709799454 16
1758578255261 0.2752597371472322 17
1758578255266 0.26245908387370476 18
1758578255278 0.2503110836946272 19
1758578255283 0.24483059693934703 20
1758578255287 0.23378374603297442 21
1758578255290 0.22340969364769542 22
1758578255294 0.21883031906328362 23
1758578255299 0.20933749087528214 24
1758578255303 0.2003947118363709 25
1758578255307 0.1920031076427676 26
1758578255312 0.1841134795767908 27
1758578255316 0.1806475113513815 28
1758578255321 0.17322801895125137 29
1758578255324 0.16639984691967707 30
1758578255329 0.15997776502852518 31
1758578255333 0.15375899298532208 32
1758578255337 0.14790614953586104 33
1758578255342 0.14249706089318473 34
1758578255347 0.13734904050792865 35
1758578255351 0.1351493230542243 36
1758578255355 0.13028893952942555 37
1758578255359 0.12572332273546866 38
1758578255364 0.12146488215299091 39
1758578255368 0.11741774901755721 40
1758578255373 0.11361062191735913 41
1758578255377 0.10999061313534916 42
1758578255382 0.10658741102662993 43
1758578255387 0.10338302014031008 44
1758578255392 0.1016103290209676 45
1758578255398 0.09858336414719898 46
1758578255402 0.09573680981136792 47
1758578255407 0.0929981040849402 48
1758578255412 0.09044827888106925 49
1758578255419 0.08750978895658254 50
1758578255423 0.08515569460294838 51
1758578255428 0.08260135423323 52
1758578255433 0.08047119617215538 53
1758578255437 0.07828325343588054 54
1758578255441 0.0763654678248853 55
1758578255445 0.07450568781282292 56
1758578255449 0.07234041236049324 57
1758578255453 0.07069002323842302 58
1758578255458 0.06883714303636437 59
1758578255462 0.06703480787217551 60
1758578255467 0.06539170156107488 61
1758578255472 0.06383706009265253 62
1758578255475 0.0625204173982449 63
1758578255480 0.06107570444864983 64
1758578255484 0.0597994893126283 65
1758578255489 0.05839343159879491 66
1758578255493 0.05729152615432622 67
1758578255498 0.05614770204915602 68
1758578255503 0.055054809278847545 69
1758578255507 0.05405342411171691 70
1758578255511 0.05294853345014791 71
1758578255516 0.05188584066708284 72
1758578255521 0.05089699577235125 73
1758578255525 0.05005768995951 74
1758578255529 0.04911965210500212 75
1758578255534 0.04817240198712165 76
1758578255538 0.0473028588378168 77
1758578255542 0.04644932109093142 78
1758578255546 0.04565139690562756 79
1758578255551 0.04487278163736414 80
1758578255556 0.044152772370734845 81
1758578255559 0.04347125675278161 82
1758578255564 0.0427710769402211 83
1758578255569 0.042103907940852975 84
1758578255573 0.04148238433621728 85
1758578255577 0.04085670426156289 86
1758578255582 0.04031464409740699 87
1758578255587 0.03990104572144971 88
1758578255591 0.039302802185447794 89
1758578255596 0.03872927217902268 90
1758578255601 0.038211966103114996 91
1758578255606 0.03774867003209212 92
1758578255611 0.03720695057118566 93
1758578255616 0.036740956395411445 94
1758578255620 0.0361620817969557 95
1758578255624 0.03569225499633393 96
1758578255628 0.035262907136974546 97
1758578255634 0.03488604812048738 98
1758578255639 0.034391911882979034 99
1758578255643 0.03392437261739054 100
1758578255648 0.0335512179998395 101
1758578255653 0.033189317283493266 102
1758578255657 0.032831324695314364 103
1758578255661 0.0324925505554679 104
1758578255666 0.03210350273128697 105
1758578255671 0.03174419812158835 106
1758578255675 0.031395023520958305 107
1758578255679 0.03106445713546058 108
1758578255684 0.030783838057562813 109
1758578255689 0.03048513002842942 110
1758578255693 0.030180953945241385 111
1758578255699 0.029793337466964435 112
1758578255704 0.029489355966725174 113
1758578255709 0.029212897238305485 114
1758578255713 0.028923563382901526 115
1758578255718 0.02859580725070654 116
1758578255723 0.02833367887917954 117
1758578255727 0.028071094380313685 118
1758578255732 0.027802487659304945 119
1758578255736 0.027570585649060588 120
1758578255741 0.027266677039624546 121
1758578255745 0.027003071020477318 122
1758578255750 0.02678885678925469 123
1758578255755 0.026553772623359215 124
1758578255759 0.026347075370543694 125
1758578255763 0.0261236106143283 126
1758578255768 0.025864146634019494 127
1758578255772 0.025653298722903856 128
1758578255777 0.025455213466173153 129
1758578255781 0.02527587422434848 130
1758578255786 0.025034839709885022 131
1758578255188 0.6480102321285008 0
