1758578254254 0.9731891504908222 0
1758578254257 0.9736438964586119 1
1758578254260 0.9736525846922124 2
1758578254266 0.9835331382201562 3
1758578254269 0.9834948511075655 4
1758578254272 0.9936144335841118 5
1758578254275 0.9942851989301555 6
1758578254279 0.9942908672264394 7
1758578254282 0.9942859274128251 8
1758578254284 0.994351358350418 9
1758578254287 0.9943515639546112 10
1758578254291 0.994323430688721 11
1758578254293 0.9944187775074325 12
1758578254297 0.994684100908917 13
1758578254300 0.9947443239329181 14
1758578254302 0.99467419525824 15
1758578254305 0.9949349610389365 16
1758578254308 0.9949808922324426 17
1758578254311 0.9950041071423517 18
1758578254314 0.9949495989334961 19
1758578254317 0.9950709124272056 20
1758578254319 0.9950788589301031 21
1758578254323 0.9950424988087093 22
1758578254325 0.9952223390412234 23
1758578254328 0.9952317121612868 24
1758578254331 0.995379347538327 25
1758578254335 0.9954180834315046 26
1758578254338 0.9953951777938954 27
1758578254340 0.9955474538239241 28
1758578254343 0.995583040199715 29
1758578254347 0.995573849095702 30
1758578254350 0.9956104157862321 31
1758578254352 0.9956489391400326 32
1758578254355 0.9957176004324566 33
1758578254359 0.9956228264579715 34
1758578254362 0.9956566254405264 35
1758578254365 0.9958573120451556 36
1758578254368 0.995886520590406 37
1758578254371 0.9959830384977673 38
1758578254375 0.9960158960518993 39
1758578254378 0.9961370185204252 40
1758578254383 0.9960768604560494 41
1758578254385 0.9961254638129311 42
1758578254388 0.9961155281396051 43
1758578254391 0.9961157189792272 44
1758578254394 0.9968418127016191 45
1758578254398 0.9968733714202479 46
1758578254401 0.9968474960210376 47
1758578254405 0.9969353623060252 48
1758578254408 0.9970019775210431 49
1758578254411 0.9974714740196441 50
1758578254414 0.9974435025012476 51
1758578254417 0.99744462576353 52
1758578254419 0.9975128100759952 53
1758578254423 0.9975901182401564 54
1758578254426 0.9975647980077909 55
1758578254429 0.9975880768615478 56
1758578254432 0.9977223966247574 57
1758578254435 0.9977152183245882 58
1758578254438 0.9978787980956505 59
1758578254442 0.9978626567552416 60
1758578254445 0.9980470963023393 61
1758578254449 0.9982169613262836 62
1758578254451 0.9981834960155224 63
1758578254455 0.9982417340908593 64
1758578254458 0.998276051829234 65
1758578254461 0.9983538071819553 66
1758578254465 0.9984285770184846 67
1758578254468 0.9984692046200775 68
1758578254470 0.9984714150311681 69
1758578254474 0.9984819916107486 70
1758578254477 0.9985087274527432 71
1758578254481 0.9985680010525193 72
1758578254484 0.9986071034776509 73
1758578254487 0.9986003897316466 74
1758578254490 0.9986477645130959 75
1758578254493 0.9987023855146103 76
1758578254497 0.9987184190710172 77
1758578254500 0.9987516071973109 78
1758578254503 0.9987728377769453 79
1758578254506 0.9987929170385311 80
1758578254510 0.9988007607023567 81
1758578254513 0.9988348983709596 82
1758578254516 0.998828948671579 83
1758578254519 0.9988411315746042 84
1758578254522 0.9988652580532629 85
1758578254525 0.9988706586380051 86
1758578254529 0.9988794748128412 87
1758578254532 0.9989104168419531 88
1758578254535 0.9989099350028503 89
1758578254538 0.9989316237293403 90
1758578254542 0.9989419687424925 91
1758578254545 0.9989463484893336 92
1758578254549 0.9989679002966871 93
1758578254552 0.9989961062925933 94
1758578254555 0.9990043914831481 95
1758578254559 0.9990085557651073 96
1758578254562 0.9990297366861043 97
1758578254565 0.9990368270532046 98
1758578254568 0.9990645142212374 99
1758578254571 0.9990775067571062 100
1758578254576 0.999087116621081 101
1758578254579 0.9990926874537659 102
1758578254583 0.999115320268588 103
1758578254586 0.9991293236717476 104
1758578254590 0.9991384975792914 105
1758578254593 0.9991604027811459 106
1758578254597 0.999168610354124 107
1758578254600 0.999181553473042 108
1758578254603 0.9991835533288693 109
1758578254607 0.9991834919434489 110
1758578254610 0.9992143944783519 111
1758578254614 0.99922775783319 112
1758578254617 0.9992387842443835 113
1758578254620 0.9992505281913867 114
1758578254624 0.9992648418161193 115
1758578254627 0.999271329011001 116
1758578254630 0.9992793578158009 117
1758578254633 0.9992870989195005 118
1758578254636 0.9992904237339962 119
1758578254640 0.9992972007184399 120
1758578254645 0.9993096818690141 121
1758578254648 0.9993074845431167 122
1758578254652 0.9993235929535348 123
1758578254655 0.9993350337950414 124
1758578254659 0.999336799993154 125
1758578254663 0.999358765845697 126
1758578254666 0.9993649264560223 127
1758578254669 0.999365712812261 128
1758578254673 0.9993725364887046 129
1758578254676 0.9993826044151888 130
1758578254680 0.9993936987889114 131
1758578254254 0.9731891504908222 0
