1758578380753 0.6520020642196804 0
1758578380757 0.6087382047591221 1
1758578380762 0.569316837229132 2
1758578380766 0.5333582394565235 3
1758578380770 0.5005105999076701 4
1758578380774 0.4700770136538741 5
1758578380779 0.44185239460839953 6
1758578380784 0.4159722755363762 7
1758578380788 0.3918140472157041 8
1758578380792 0.3693931354418431 9
1758578380798 0.3485858295044017 10
1758578380801 0.3289429761236063 11
1758578380806 0.31327401302473756 12
1758578380810 0.2960351675888037 13
1758578380814 0.2798967414505655 14
1758578380818 0.2648294574231099 15
1758578380822 0.2506887134671705 16
1758578380827 0.23741397172460343 17
1758578380831 0.22500514863920462 18
1758578380835 0.2133265767396727 19
1758578380839 0.20234642704295397 20
1758578380844 0.19202208770029228 21
1758578380848 0.18224192994092417 22
1758578380852 0.1730860206149434 23
1758578380856 0.165716325435167 24
1758578380861 0.15845154992586447 25
1758578380865 0.15161869138428147 26
1758578380871 0.144153489308514 27
1758578380876 0.1371217060424331 28
1758578380882 0.1304818636742401 29
1758578380887 0.12422594248066665 30
1758578380892 0.11827591762389315 31
1758578380897 0.11263886774949843 32
1758578380901 0.10790741478280697 33
1758578380906 0.10283606131653855 34
1758578380911 0.09803950516832587 35
1758578380916 0.09349743586121467 36
1758578380921 0.08917764360031999 37
1758578380926 0.08513421758692714 38
1758578380930 0.0812819084718749 39
1758578380935 0.07763788769816822 40
1758578380940 0.07416977198188096 41
1758578380944 0.0708946772254569 42
1758578380949 0.06773985354401649 43
1758578380954 0.06478644260183788 44
1758578380959 0.06198827534593786 45
1758578380963 0.059320162171705895 46
1758578380967 0.05678613590034022 47
1758578380972 0.05438164461175513 48
1758578380976 0.05206721223127753 49
1758578380981 0.049876718782753265 50
1758578380985 0.04782530689078065 51
1758578380990 0.04586211107083057 52
1758578380995 0.04398127678070135 53
1758578381000 0.04223508243598693 54
1758578381005 0.0405630530847657 55
1758578381010 0.03916283701198679 56
1758578381015 0.03762504590058162 57
1758578381020 0.03616728799106398 58
1758578381025 0.03475417879320638 59
1758578381029 0.033432226748911525 60
1758578381035 0.03220903166993443 61
1758578381040 0.030996294651906484 62
1758578381044 0.029853277851604375 63
1758578381050 0.028756005364732974 64
1758578381055 0.02770821496295897 65
1758578381059 0.026724671541113586 66
1758578381064 0.02577405405561509 67
1758578381069 0.02502459991389978 68
1758578381074 0.024136000608011302 69
1758578381079 0.023271194040713178 70
1758578381084 0.022475080255280895 71
1758578381090 0.02171842765554392 72
1758578381095 0.02101797759667358 73
1758578381100 0.020325308676746968 74
1758578381105 0.01966478686818135 75
1758578381110 0.0191020855040722 76
1758578381116 0.01848904926113738 77
1758578381121 0.017910341333348595 78
1758578381126 0.01733493208329113 79
1758578381131 0.016864008570422563 80
1758578381136 0.016347272111832265 81
1758578381141 0.015864312841467422 82
1758578381145 0.01539445703635409 83
1758578381150 0.014927411136240722 84
1758578381155 0.014500679347658101 85
1758578381160 0.014080162924633741 86
1758578381164 0.0136860889308335 87
1758578381169 0.013278978475030224 88
1758578381174 0.012912275919820816 89
1758578381179 0.012573019188464934 90
1758578381185 0.012238166406275284 91
1758578381189 0.01187273044086045 92
1758578381194 0.011532145836909561 93
1758578381199 0.011216284775050997 94
1758578381204 0.010897809085886036 95
1758578381209 0.010614402506503364 96
1758578381213 0.010329526914155458 97
1758578381219 0.01005483201912231 98
1758578381224 0.009784022373542672 99
1758578381228 0.009559490552761538 100
1758578381233 0.009321226083005124 101
1758578381238 0.009117110432691212 102
1758578381244 0.008878369482054524 103
1758578381249 0.008677927525802761 104
1758578381254 0.008464728136987594 105
1758578381259 0.008224811817643632 106
1758578381263 0.00801698757016008 107
1758578381269 0.007851022978682001 108
1758578381274 0.007632481928044314 109
1758578381278 0.007435286929831766 110
1758578381283 0.007259430421025514 111
1758578381288 0.0070899484021588926 112
1758578381293 0.006926303035926184 113
1758578381297 0.006756281843402123 114
1758578381303 0.006591107437807249 115
1758578381308 0.00646652201216084 116
1758578381313 0.006346804875246456 117
1758578381318 0.006197880907158718 118
1758578381322 0.006049339148620632 119
1758578381328 0.005930173418390267 120
1758578381332 0.005784027227391904 121
1758578381337 0.005644440037043546 122
1758578381342 0.005500742257018319 123
1758578381347 0.005376982090186809 124
1758578381351 0.005237375539057341 125
1758578381356 0.005128458292831496 126
1758578381361 0.005008813329199615 127
1758578381365 0.004897576696149095 128
1758578381369 0.004789366317967886 129
1758578381374 0.004693309153389703 130
1758578381379 0.004593077759945497 131
1758578381384 0.0044973500570752965 132
1758578380753 0.6520020642196804 0
