1758578234641 0.9731891504908222 0
1758578234650 0.9736438964586119 1
1758578234653 0.9736525846922124 2
1758578234655 0.9835331382201562 3
1758578234658 0.9834948511075655 4
1758578234663 0.9936144335841118 5
1758578234667 0.9942851989301555 6
1758578234670 0.9942908672264394 7
1758578234672 0.9942859274128251 8
1758578234675 0.994351358350418 9
1758578234678 0.9943515639546112 10
1758578234683 0.994323430688721 11
1758578234686 0.9944187775074325 12
1758578234688 0.994684100908917 13
1758578234691 0.9947443239329181 14
1758578234694 0.99467419525824 15
1758578234697 0.9949349610389365 16
1758578234700 0.9949808922324426 17
1758578234703 0.9950041071423517 18
1758578234705 0.9949495989334961 19
1758578234708 0.9950709124272056 20
1758578234711 0.9950788589301031 21
1758578234715 0.9950424988087093 22
1758578234718 0.9952223390412234 23
1758578234721 0.9952317121612868 24
1758578234723 0.995379347538327 25
1758578234726 0.9954180834315046 26
1758578234730 0.9953951777938954 27
1758578234734 0.9955474538239241 28
1758578234737 0.995583040199715 29
1758578234739 0.995573849095702 30
1758578234742 0.9956104157862321 31
1758578234746 0.9956489391400326 32
1758578234750 0.9957176004324566 33
1758578234753 0.9956228264579715 34
1758578234755 0.9956566254405264 35
1758578234758 0.9958573120451556 36
1758578234761 0.995886520590406 37
1758578234765 0.9959830384977673 38
1758578234768 0.9960158960518993 39
1758578234771 0.9961370185204252 40
1758578234774 0.9960768604560494 41
1758578234777 0.9961254638129311 42
1758578234781 0.9961155281396051 43
1758578234784 0.9961157189792272 44
1758578234787 0.9968418127016191 45
1758578234790 0.9968733714202479 46
1758578234793 0.9968474960210376 47
1758578234797 0.9969353623060252 48
1758578234801 0.9970019775210431 49
1758578234803 0.9974714740196441 50
1758578234806 0.9974435025012476 51
1758578234809 0.99744462576353 52
1758578234813 0.9975128100759952 53
1758578234817 0.9975901182401564 54
1758578234820 0.9975647980077909 55
1758578234822 0.9975880768615478 56
1758578234825 0.9977223966247574 57
1758578234829 0.9977152183245882 58
1758578234832 0.9978787980956505 59
1758578234835 0.9978626567552416 60
1758578234838 0.9980470963023393 61
1758578234841 0.9982169613262836 62
1758578234844 0.9981834960155224 63
1758578234848 0.9982417340908593 64
1758578234852 0.998276051829234 65
1758578234855 0.9983538071819553 66
1758578234857 0.9984285770184846 67
1758578234860 0.9984692046200775 68
1758578234865 0.9984714150311681 69
1758578234869 0.9984819916107486 70
1758578234872 0.9985087274527432 71
1758578234875 0.9985680010525193 72
1758578234878 0.9986071034776509 73
1758578234882 0.9986003897316466 74
1758578234885 0.9986477645130959 75
1758578234888 0.9987023855146103 76
1758578234891 0.9987184190710172 77
1758578234894 0.9987516071973109 78
1758578234897 0.9987728377769453 79
1758578234900 0.9987929170385311 80
1758578234903 0.9988007607023567 81
1758578234906 0.9988348983709596 82
1758578234909 0.998828948671579 83
1758578234914 0.9988411315746042 84
1758578234917 0.9988652580532629 85
1758578234920 0.9988706586380051 86
1758578234923 0.9988794748128412 87
1758578234926 0.9989104168419531 88
1758578234930 0.9989099350028503 89
1758578234933 0.9989316237293403 90
1758578234936 0.9989419687424925 91
1758578234939 0.9989463484893336 92
1758578234942 0.9989679002966871 93
1758578234947 0.9989961062925933 94
1758578234950 0.9990043914831481 95
1758578234953 0.9990085557651073 96
1758578234956 0.9990297366861043 97
1758578234959 0.9990368270532046 98
1758578234963 0.9990645142212374 99
1758578234966 0.9990775067571062 100
1758578234969 0.999087116621081 101
1758578234972 0.9990926874537659 102
1758578234975 0.999115320268588 103
1758578234979 0.9991293236717476 104
1758578234983 0.9991384975792914 105
1758578234986 0.9991604027811459 106
1758578234989 0.999168610354124 107
1758578234992 0.999181553473042 108
1758578234997 0.9991835533288693 109
1758578235000 0.9991834919434489 110
1758578235003 0.9992143944783519 111
1758578235006 0.99922775783319 112
1758578235009 0.9992387842443835 113
1758578235014 0.9992505281913867 114
1758578235017 0.9992648418161193 115
1758578235020 0.999271329011001 116
1758578235023 0.9992793578158009 117
1758578235026 0.9992870989195005 118
1758578235031 0.9992904237339962 119
1758578235034 0.9992972007184399 120
1758578235037 0.9993096818690141 121
1758578235040 0.9993074845431167 122
1758578235044 0.9993235929535348 123
1758578235049 0.9993350337950414 124
1758578235052 0.999336799993154 125
1758578235055 0.999358765845697 126
1758578235058 0.9993649264560223 127
1758578235062 0.999365712812261 128
1758578235066 0.9993725364887046 129
1758578235069 0.9993826044151888 130
1758578235072 0.9993936987889114 131
1758578235076 0.9993925199363254 132
1758578235080 0.9993994780221058 133
1758578235084 0.9994067619234208 134
1758578235087 0.9994176039824567 135
1758578235090 0.9994257132491656 136
1758578235093 0.9994368918204068 137
1758578235097 0.9994384965365173 138
1758578235101 0.9994611105659661 139
1758578235104 0.9994622962074268 140
1758578235107 0.9994675294959967 141
1758578235112 0.999475475907021 142
1758578235115 0.9994875100580828 143
1758578235119 0.9994957925780619 144
1758578235122 0.9994969458316406 145
1758578235126 0.9995013597501157 146
1758578235130 0.9995034356579252 147
1758578235134 0.999508289608924 148
1758578235137 0.9995172496599933 149
1758578235141 0.9995219130079689 150
1758578235145 0.9995235672036299 151
1758578235149 0.9995344892189898 152
1758578235152 0.9995427379137333 153
1758578235155 0.9995486777507908 154
1758578235159 0.9995514947257572 155
1758578235163 0.9995569145302715 156
1758578235167 0.9995563037121569 157
1758578235170 0.9995557958235818 158
1758578235173 0.9995615450750426 159
1758578235177 0.9995637626691272 160
1758578235182 0.9995663779051124 161
1758578235185 0.9995676220399132 162
1758578235188 0.9995769034020046 163
1758578235191 0.9995785620167728 164
1758578235194 0.9995805930977671 165
1758578235200 0.9995873055076073 166
1758578235203 0.9995988400652405 167
1758578235206 0.9996042478605989 168
1758578235217 0.9996033502599501 169
1758578235220 0.9996050437644378 170
1758578235223 0.9996118910124975 171
1758578235227 0.9996124163834337 172
1758578235232 0.999616001638752 173
1758578235235 0.9996195159567847 174
1758578235239 0.9996238681367918 175
1758578235242 0.9996256736886818 176
1758578235246 0.9996277011885818 177
1758578235250 0.9996334177499954 178
1758578235254 0.9996402882422573 179
1758578235257 0.999647665699888 180
1758578235260 0.9996559511869775 181
1758578235266 0.9996615346888048 182
1758578235269 0.9996706785597351 183
1758578235272 0.9996715047147607 184
1758578235275 0.9996743104578831 185
1758578235281 0.9996745980085635 186
1758578235285 0.9996756266280564 187
1758578235288 0.9996770687852344 188
1758578235291 0.9996841272360006 189
1758578235295 0.999685735385661 190
1758578235300 0.9996874780337415 191
1758578235303 0.999693523690918 192
1758578235307 0.999695310761788 193
1758578235310 0.99969835470504 194
1758578235315 0.999698688176954 195
1758578235319 0.9996990094127994 196
1758578235322 0.9997034769372117 197
1758578235325 0.9997069023185275 198
1758578235330 0.9997087492029358 199
1758578235334 0.9997088203562624 200
1758578235337 0.9997150518599062 201
1758578235341 0.9997182255374296 202
1758578235344 0.9997201870915665 203
1758578235349 0.9997212397381556 204
1758578235353 0.9997231525248195 205
1758578235356 0.9997256912775796 206
1758578235359 0.9997268096264568 207
1758578235363 0.9997280765331072 208
1758578235367 0.9997295350773968 209
1758578235371 0.9997298555676578 210
1758578235374 0.9997324869680007 211
1758578235378 0.9997341294538952 212
1758578235382 0.9997342501458228 213
1758578235386 0.9997351305286933 214
1758578235389 0.9997361870227072 215
1758578235392 0.9997417613340518 216
1758578235396 0.9997437190421351 217
1758578235400 0.999747117680502 218
1758578235404 0.9997484362717404 219
1758578235408 0.9997505897548594 220
1758578235412 0.9997532641263083 221
1758578235417 0.9997537899017813 222
1758578235420 0.9997538271993638 223
1758578235423 0.9997586730770313 224
1758578235427 0.9997598641405434 225
1758578235432 0.9997651748361852 226
1758578235435 0.9997670034878758 227
1758578235439 0.9997677231764788 228
1758578235442 0.9997708842966567 229
1758578235447 0.9997722917702743 230
1758578235451 0.9997740809598732 231
1758578235454 0.9997745606581077 232
1758578235458 0.999779320720523 233
1758578235462 0.9997811459108232 234
1758578235467 0.9997819133365659 235
1758578235470 0.9997856112339982 236
1758578235474 0.9997874621058954 237
1758578235478 0.9997904357179767 238
1758578235483 0.9997926376495968 239
1758578235486 0.9997926583201826 240
1758578235489 0.9997929765706961 241
1758578235493 0.9997933958655901 242
1758578235498 0.9997944262215259 243
1758578235502 0.9997962448540525 244
1758578235505 0.9997984134827945 245
1758578235509 0.9998000523529179 246
1758578235513 0.9998070694966047 247
1758578235517 0.9998106920772031 248
1758578235521 0.999813079081709 249
1758578235524 0.9998155767414556 250
1758578235528 0.9998156834310287 251
1758578235534 0.9998166123154494 252
1758578235538 0.9998186967278935 253
1758578235541 0.9998236900225023 254
1758578235545 0.9998264455790563 255
1758578235550 0.9998270146010929 256
1758578235554 0.9998284316163544 257
1758578235557 0.999828659435069 258
1758578235561 0.9998307429864021 259
1758578235566 0.9998309852428893 260
1758578235570 0.9998380061154015 261
1758578235573 0.9998385571674547 262
1758578235577 0.9998399995697935 263
1758578235581 0.9998430994763716 264
1758578235586 0.9998472118763739 265
1758578235589 0.9998484972321361 266
1758578235593 0.999848925870087 267
1758578235598 0.999853727456884 268
1758578235602 0.9998565731616469 269
1758578235605 0.9998575102764172 270
1758578235609 0.9998580424571123 271
1758578235613 0.9998583178741159 272
1758578235617 0.9998602094898976 273
1758578235621 0.9998605059518668 274
1758578235624 0.9998629123575908 275
1758578235628 0.9998636590089532 276
1758578235633 0.9998639983224977 277
1758578235637 0.9998655230005675 278
1758578235640 0.9998662608086497 279
1758578235645 0.9998673121357168 280
1758578235649 0.9998726314594987 281
1758578235654 0.9998744379556121 282
1758578235658 0.9998754803181249 283
1758578235662 0.9998756228498984 284
1758578235667 0.999876968146532 285
1758578235671 0.999877752335101 286
1758578235674 0.9998779974397014 287
1758578235679 0.999879630573403 288
1758578235684 0.9998804888326907 289
1758578235687 0.9998811336160575 290
1758578235691 0.9998818242048662 291
1758578235695 0.9998838658845052 292
1758578235700 0.9998841631998439 293
1758578235703 0.9998851006750366 294
1758578235707 0.9998854501271655 295
1758578235711 0.9998855644923842 296
1758578235716 0.999886472527093 297
1758578235720 0.9998873446072165 298
1758578235723 0.9998905366303819 299
1758578235727 0.9998913961182874 300
1758578235731 0.9998925292299594 301
1758578235735 0.9998926936244933 302
1758578235739 0.9998935297807399 303
1758578235743 0.9998943345874597 304
1758578235748 0.9998959793690595 305
1758578235753 0.9998962433938844 306
1758578235757 0.9998966540390042 307
1758578235762 0.9998986223304821 308
1758578235766 0.9998992357670988 309
1758578235771 0.9999005501086945 310
1758578235775 0.999901545226553 311
1758578235779 0.9999023009245894 312
1758578235782 0.9999028634133879 313
1758578235786 0.9999028593899305 314
1758578235790 0.9999038123301159 315
1758578235795 0.9999050563022184 316
1758578235800 0.9999052416446028 317
1758578235804 0.9999053209123706 318
1758578235808 0.9999055657528385 319
1758578235813 0.9999066481928205 320
1758578235817 0.9999072253519713 321
1758578235821 0.9999082592766845 322
1758578235826 0.999908632119785 323
1758578235830 0.9999123517423648 324
1758578235834 0.9999121752739275 325
1758578235838 0.9999124893814937 326
1758578235843 0.9999127632213307 327
1758578235847 0.9999127367116812 328
1758578235851 0.9999149146668092 329
1758578235855 0.9999153038915011 330
1758578235860 0.9999153400275824 331
1758578235864 0.999916867073037 332
1758578235868 0.9999169247200412 333
1758578235872 0.9999181668170365 334
1758578235877 0.9999190576464477 335
1758578235881 0.999919169605078 336
1758578235885 0.9999202710385569 337
1758578235889 0.9999204992891364 338
1758578235894 0.9999219340250894 339
1758578235898 0.9999221935747601 340
1758578235903 0.9999231330142263 341
1758578235907 0.9999240785993658 342
1758578235911 0.9999258304177827 343
1758578235916 0.9999258293785734 344
1758578235920 0.999926794205656 345
1758578235925 0.9999270451865595 346
1758578235930 0.9999272174597816 347
1758578235934 0.9999280432133287 348
1758578235938 0.9999284037658193 349
1758578235943 0.9999284623585517 350
1758578235947 0.9999293258818219 351
1758578235951 0.9999294299970549 352
1758578235955 0.9999292465105164 353
1758578235960 0.9999294065043879 354
1758578235964 0.9999294196930777 355
1758578235969 0.9999294982356374 356
1758578235973 0.9999311439713218 357
1758578235978 0.9999314100203915 358
1758578235982 0.9999314949384726 359
1758578235986 0.9999317772603884 360
1758578235990 0.9999319189641713 361
1758578235995 0.999932270116461 362
1758578236000 0.9999322911859314 363
1758578236004 0.9999338443797655 364
1758578236008 0.9999339036598472 365
1758578236013 0.9999347519738973 366
1758578236017 0.9999352868790945 367
1758578236021 0.999937006768694 368
1758578236025 0.9999371786568622 369
1758578234641 0.9731891504908222 0
