1758578238050 0.6480102321285008 0
1758578238058 0.607399795206069 1
1758578238064 0.570162313860257 2
1758578238070 0.536090059618018 3
1758578238075 0.5051735544273427 4
1758578238082 0.489897893576397 5
1758578238087 0.4623244994806918 6
1758578238094 0.437324405263833 7
1758578238100 0.4138360239384533 8
1758578238106 0.39228944985094966 9
1758578238113 0.372436312067191 10
1758578238119 0.35362508842671014 11
1758578238125 0.33578898816391134 12
1758578238131 0.3272170008673677 13
1758578238137 0.31105785317897156 14
1758578238143 0.2960208821823746 15
1758578238149 0.28894225709799454 16
1758578238155 0.2752597371472321 17
1758578238161 0.26245908387370476 18
1758578238167 0.2503110836946272 19
1758578238174 0.24483059693934703 20
1758578238181 0.2337837460329744 21
1758578238187 0.22340969364769542 22
1758578238194 0.2188303190632836 23
1758578238201 0.20933749087528214 24
1758578238206 0.2003947118363709 25
1758578238213 0.1920031076427676 26
1758578238219 0.1841134795767908 27
1758578238224 0.1806475113513815 28
1758578238232 0.17322801895125137 29
1758578238237 0.16639984691967707 30
1758578238244 0.15997776502852518 31
1758578238251 0.15375899298532208 32
1758578238256 0.14790614953586106 33
1758578238263 0.14249706089318473 34
1758578238269 0.13734904050792865 35
1758578238275 0.1351493230542243 36
1758578238283 0.13028893952942555 37
1758578238289 0.12572332273546866 38
1758578238295 0.1214648821529909 39
1758578238301 0.11741774901755721 40
1758578238307 0.11361062191735913 41
1758578238316 0.10999061313534916 42
1758578238322 0.10658741102662993 43
1758578238330 0.10338302014031008 44
1758578238336 0.1016103290209676 45
1758578238343 0.098583364147199 46
1758578238349 0.09573680981136792 47
1758578238354 0.0929981040849402 48
1758578238362 0.09044827888106925 49
1758578238367 0.08750978895658253 50
1758578238373 0.08515569460294836 51
1758578238380 0.08260135423323002 52
1758578238386 0.08047119617215538 53
1758578238393 0.07828325343588054 54
1758578238401 0.0763654678248853 55
1758578238407 0.07450568781282292 56
1758578238415 0.07234041236049323 57
1758578238421 0.07069002323842302 58
1758578238428 0.06883714303636437 59
1758578238434 0.06703480787217551 60
1758578238441 0.06539170156107488 61
1758578238448 0.06383706009265253 62
1758578238455 0.06252041739824492 63
1758578238462 0.061075704448649834 64
1758578238468 0.0597994893126283 65
1758578238475 0.05839343159879492 66
1758578238481 0.05729152615432622 67
1758578238487 0.05614770204915601 68
1758578238494 0.05505480927884753 69
1758578238501 0.05405342411171691 70
1758578238508 0.05294853345014791 71
1758578238514 0.05188584066708284 72
1758578238521 0.05089699577235125 73
1758578238528 0.05005768995951 74
1758578238535 0.04911965210500212 75
1758578238542 0.04817240198712165 76
1758578238548 0.0473028588378168 77
1758578238554 0.046449321090931424 78
1758578238562 0.04565139690562756 79
1758578238568 0.04487278163736415 80
1758578238576 0.044152772370734845 81
1758578238582 0.043471256752781615 82
1758578238588 0.0427710769402211 83
1758578238595 0.042103907940852975 84
1758578238601 0.04148238433621729 85
1758578238607 0.0408567042615629 86
1758578238614 0.04031464409740698 87
1758578238620 0.03990104572144971 88
1758578238627 0.039302802185447794 89
1758578238633 0.03872927217902269 90
1758578238641 0.03821196610311499 91
1758578238647 0.03774867003209212 92
1758578238654 0.03720695057118565 93
1758578238661 0.036740956395411445 94
1758578238667 0.0361620817969557 95
1758578238674 0.03569225499633393 96
1758578238681 0.035262907136974546 97
1758578238687 0.03488604812048738 98
1758578238695 0.034391911882979034 99
1758578238702 0.03392437261739054 100
1758578238708 0.0335512179998395 101
1758578238717 0.033189317283493266 102
1758578238723 0.032831324695314364 103
1758578238731 0.0324925505554679 104
1758578238738 0.03210350273128697 105
1758578238747 0.03174419812158835 106
1758578238754 0.031395023520958305 107
1758578238762 0.031064457135460577 108
1758578238768 0.030783838057562813 109
1758578238775 0.03048513002842942 110
1758578238782 0.030180953945241385 111
1758578238788 0.029793337466964435 112
1758578238795 0.029489355966725174 113
1758578238801 0.029212897238305485 114
1758578238808 0.028923563382901526 115
1758578238815 0.028595807250706533 116
1758578238822 0.02833367887917954 117
1758578238829 0.028071094380313685 118
1758578238836 0.027802487659304945 119
1758578238843 0.027570585649060588 120
1758578238850 0.027266677039624546 121
1758578238856 0.02700307102047731 122
1758578238864 0.02678885678925469 123
1758578238870 0.026553772623359215 124
1758578238877 0.026347075370543694 125
1758578238884 0.0261236106143283 126
1758578238889 0.025864146634019494 127
1758578238897 0.025653298722903856 128
1758578238903 0.025455213466173153 129
1758578238911 0.02527587422434848 130
1758578238918 0.02503483970988502 131
1758578238924 0.02483704142357422 132
1758578238931 0.024591176626510836 133
1758578238938 0.024399723525214797 134
1758578238946 0.024188418765932067 135
1758578238953 0.0239831318287303 136
1758578238959 0.02376293507714791 137
1758578238966 0.023599282636157216 138
1758578238973 0.023462587679736177 139
1758578238980 0.023301759179604205 140
1758578238986 0.02314744075208303 141
1758578238992 0.022959320383936506 142
1758578239000 0.022783031946928715 143
1758578239006 0.022507096031053067 144
1758578239013 0.022333007216043588 145
1758578239019 0.022178628245795997 146
1758578239025 0.021999747513710994 147
1758578239032 0.021832756911532185 148
1758578239039 0.02167600427512273 149
1758578239047 0.021539536254784282 150
1758578239054 0.021382511727480933 151
1758578239060 0.02123343862216572 152
1758578239067 0.02103216681679638 153
1758578239073 0.02089659794517435 154
1758578239080 0.0207058326873141 155
1758578239087 0.02048302685270652 156
1758578239093 0.020368212189598115 157
1758578239100 0.02025882002519252 158
1758578239107 0.020148956838389846 159
1758578239115 0.020030650632696753 160
1758578239121 0.01987995707750448 161
1758578239128 0.019756226229372557 162
1758578239135 0.0196496544856804 163
1758578239141 0.019546893337925555 164
1758578239148 0.019431519651530987 165
1758578239154 0.019295454924154697 166
1758578239161 0.019136485209112077 167
1758578239168 0.019016484411715107 168
1758578239176 0.018903091819882915 169
1758578239183 0.018807367379642125 170
1758578239190 0.018689766136493237 171
1758578239197 0.018585213362711586 172
1758578239204 0.01848040674128885 173
1758578239211 0.018356189775430347 174
1758578239218 0.01825336244729094 175
1758578239224 0.018095928498283967 176
1758578239232 0.018013165017775494 177
1758578239239 0.017934796759247675 178
1758578239247 0.01779958272799137 179
1758578239254 0.017653858929895492 180
1758578239261 0.01749676046402744 181
1758578239268 0.017380914797280864 182
1758578239274 0.01727936443712326 183
1758578239281 0.017198800958753334 184
1758578239287 0.017133922885585504 185
1758578239294 0.017064624184108968 186
1758578239301 0.016974128432088786 187
1758578239307 0.016902490831860024 188
1758578239316 0.016779101962799792 189
1758578239324 0.016696117752713464 190
1758578239331 0.01661075566690817 191
1758578239338 0.016491558358157434 192
1758578239344 0.016386036289491576 193
1758578239350 0.016269428759538605 194
1758578239357 0.016199988911977655 195
1758578239365 0.016114523955510284 196
1758578239371 0.016019100374592556 197
1758578239380 0.0159141386046383 198
1758578239387 0.015858752126832253 199
1758578239396 0.01579195750925071 200
1758578239403 0.015664666843954057 201
1758578239411 0.015555933236750518 202
1758578239419 0.015441135979715838 203
1758578239427 0.015332214998470312 204
1758578239435 0.015245430345299585 205
1758578239443 0.015155503511357036 206
1758578239451 0.01509521203585666 207
1758578239459 0.015012482423214393 208
1758578239466 0.014902007598117401 209
1758578239473 0.014847187324320112 210
1758578239480 0.014747868907716783 211
1758578239486 0.01469582952938763 212
1758578239494 0.01461353650624929 213
1758578239500 0.014534572689834619 214
1758578239508 0.014446765073792427 215
1758578239515 0.01433788802864505 216
1758578239522 0.01426614662144362 217
1758578239530 0.01417805196217413 218
1758578239536 0.014118260346727099 219
1758578239544 0.014073198507903992 220
1758578239551 0.013948538124599907 221
1758578239559 0.013881106860826126 222
1758578239565 0.013824073171035716 223
1758578239573 0.013703419103356042 224
1758578239580 0.013618941051510196 225
1758578239587 0.01354530376514806 226
1758578239593 0.013484529815956948 227
1758578239601 0.013433367996659302 228
1758578239607 0.013345502580547947 229
1758578239615 0.013287197827079782 230
1758578239622 0.013251711947318019 231
1758578239629 0.013202290552190344 232
1758578239636 0.013084756668370197 233
1758578239645 0.013035824909854846 234
1758578239651 0.012965394228686202 235
1758578239658 0.012894506508383054 236
1758578239665 0.01284678708107719 237
1758578239672 0.01275821280613123 238
1758578239679 0.012703245477079728 239
1758578239686 0.012646832520796533 240
1758578239693 0.012598816121561362 241
1758578239700 0.012557502422423216 242
1758578239707 0.01247710231385153 243
1758578239715 0.01243977185873313 244
1758578239722 0.012360920445887906 245
1758578239730 0.012320729561043664 246
1758578239736 0.012229798041994911 247
1758578239744 0.01215332805199638 248
1758578239751 0.01208823400651299 249
1758578239758 0.012012595233128464 250
1758578239765 0.011969449455622602 251
1758578239773 0.01192297683325253 252
1758578239781 0.011859349518106363 253
1758578239787 0.01178332718174582 254
1758578239794 0.011725852668649112 255
1758578239802 0.011685361861057857 256
1758578239808 0.011612325155558961 257
1758578239816 0.011569457728314577 258
1758578239823 0.011501099862079173 259
1758578239831 0.011431587593034843 260
1758578239838 0.011405525573718163 261
1758578239847 0.011332968367400694 262
1758578239854 0.011271874384573295 263
1758578239862 0.011222918287495795 264
1758578239869 0.011182530150756919 265
1758578239875 0.011102544169843364 266
1758578239883 0.01105330782334347 267
1758578239889 0.011017497459803405 268
1758578239897 0.010986976135993828 269
1758578239904 0.010948496848402598 270
1758578239912 0.010893393049757281 271
1758578239919 0.010826771849879865 272
1758578239925 0.010761927081641373 273
1758578239933 0.010741414682715722 274
1758578239940 0.010690562616447503 275
1758578239948 0.010642894556512813 276
1758578239955 0.010591755474406852 277
1758578239964 0.010550138061112966 278
1758578239971 0.010514817007006879 279
1758578239980 0.010466822324950968 280
1758578239986 0.010419414016755465 281
1758578239994 0.010352923909459029 282
1758578240001 0.010305147212911953 283
1758578240008 0.010279474461218864 284
1758578240015 0.010220650880444599 285
1758578240022 0.010137248543349091 286
1758578240030 0.010103059400652922 287
1758578240037 0.010074301972112273 288
1758578240044 0.01002034359333298 289
1758578240051 0.00998396104107135 290
1758578240059 0.0099513045295861 291
1758578240067 0.009895840346631856 292
1758578240074 0.009863588710137466 293
1758578240081 0.00984254367348662 294
1758578240088 0.009807527069048878 295
1758578240096 0.009776566105196366 296
1758578240104 0.009731442460178853 297
1758578240111 0.009686744266278023 298
1758578240119 0.009618508105146115 299
1758578240126 0.009578255181151678 300
1758578240133 0.00953785836349784 301
1758578240142 0.009513011021817556 302
1758578240148 0.009475448657285753 303
1758578240157 0.009422460650386105 304
1758578240164 0.009373092578264202 305
1758578240173 0.00933862532940321 306
1758578240180 0.009310332010125646 307
1758578240187 0.009252885673479622 308
1758578240195 0.00922494987351913 309
1758578240201 0.009178929006351635 310
1758578240209 0.009138530201581757 311
1758578240216 0.009115815286996268 312
1758578240224 0.009084280044004384 313
1758578240231 0.009058662891152935 314
1758578240240 0.00901046340963575 315
1758578240247 0.008969489822606109 316
1758578240254 0.00894192678082884 317
1758578240262 0.00890437500627845 318
1758578240269 0.008855793656652667 319
1758578240276 0.008815717785501867 320
1758578240283 0.008791482774617332 321
1758578240291 0.008757216417550508 322
1758578240298 0.008734498203154096 323
1758578240305 0.008674732760484484 324
1758578240313 0.008621795613513485 325
1758578240321 0.008562149395220906 326
1758578240328 0.008534672881793227 327
1758578240335 0.008515375671560759 328
1758578240342 0.008454775199658671 329
1758578240350 0.008430530138115873 330
1758578240357 0.008404993113345239 331
1758578240365 0.008360655022097128 332
1758578240373 0.008324755814166045 333
1758578240381 0.008291343730693708 334
1758578240388 0.008240438158712105 335
1758578240396 0.008210845418083909 336
1758578240403 0.008180967261728777 337
1758578240411 0.008156749103479842 338
1758578240418 0.00812523061233416 339
1758578240426 0.008085723641703473 340
1758578240433 0.008046162295014642 341
1758578240442 0.00801016098791996 342
1758578240450 0.00796073227325415 343
1758578240457 0.007940326355447233 344
1758578240464 0.007888808253556825 345
1758578240472 0.00783021582537768 346
1758578240481 0.00780683254796006 347
1758578240489 0.007782287235357331 348
1758578240497 0.007758517581452223 349
1758578240505 0.007740687907916535 350
1758578240515 0.007721501807268251 351
1758578240522 0.007700925079476738 352
1758578240530 0.007670726116094865 353
1758578240538 0.007652557632848486 354
1758578240546 0.007629388021331629 355
1758578240553 0.007594870739181065 356
1758578240562 0.00755945491252018 357
1758578240569 0.0075056900518901334 358
1758578240578 0.007477819548984977 359
1758578240585 0.007434551996017082 360
1758578240593 0.007417071672496989 361
1758578240601 0.0073936449907412915 362
1758578240608 0.007375998396919431 363
1758578240615 0.007340094341275336 364
1758578240622 0.007325973248431998 365
1758578240631 0.0072795324084510464 366
1758578240638 0.007248333342083086 367
1758578240645 0.007213123110880007 368
1758578240653 0.007192500687871851 369
1758578238050 0.6480102321285008 0
