1758578439824 0.945757791426677 0
1758578439827 0.9966295392937714 1
1758578439830 0.9972545670595842 2
1758578439832 0.9972783977580314 3
1758578439835 0.9972820619737007 4
1758578439838 0.9974719318710125 5
1758578439840 0.9976161464089435 6
1758578439843 0.9976186863451415 7
1758578439846 0.997639336193998 8
1758578439848 0.9978058541789725 9
1758578439851 0.9978157434217033 10
1758578439854 0.9979343370622458 11
1758578439856 0.9979360349834133 12
1758578439859 0.9979720750098641 13
1758578439862 0.997985816248728 14
1758578439865 0.9979948641739855 15
1758578439868 0.998001502972447 16
1758578439871 0.9980082163632664 17
1758578439873 0.9980124320204099 18
1758578439876 0.9980147694335022 19
1758578439879 0.99801642350272 20
1758578439882 0.998018311525281 21
1758578439885 0.9982508237924029 22
1758578439887 0.9982507229370988 23
1758578439890 0.9987697138757059 24
1758578439893 0.9990004161983644 25
1758578439895 0.999198616691383 26
1758578439899 0.999221411466843 27
1758578439902 0.9993018222388192 28
1758578439905 0.9993065065725647 29
1758578439908 0.9993142444421613 30
1758578439910 0.9993154236928575 31
1758578439913 0.9993162619321685 32
1758578439917 0.9993498503475406 33
1758578439919 0.9993495844571378 34
1758578439922 0.9993579258348563 35
1758578439925 0.9993529706314114 36
1758578439928 0.9993512228264391 37
1758578439931 0.9993560315649526 38
1758578439934 0.9993558557781367 39
1758578439937 0.9993556596518378 40
1758578439939 0.9993554501202675 41
1758578439942 0.999354258219319 42
1758578439945 0.9993575986954287 43
1758578439948 0.9993858687080517 44
1758578439951 0.9993877428530061 45
1758578439954 0.9993895611898546 46
1758578439957 0.9993831655773188 47
1758578439960 0.9993795022607566 48
1758578439963 0.999378737158837 49
1758578439966 0.9993768221568787 50
1758578439969 0.9993752335515964 51
1758578439972 0.9993754036633059 52
1758578439975 0.999373859440351 53
1758578439978 0.9993820379035815 54
1758578439981 0.9993821165602765 55
1758578439984 0.9994050740828867 56
1758578439987 0.9994045645125266 57
1758578439990 0.9994036750422951 58
1758578439993 0.9994110637038801 59
1758578439996 0.9994829962475008 60
1758578439999 0.9994810603619886 61
1758578440002 0.9994826318242528 62
1758578440005 0.9994993860168463 63
1758578440008 0.9995129895537788 64
1758578440011 0.9995252819976768 65
1758578440014 0.9995523119723738 66
1758578440017 0.9995541955989834 67
1758578440020 0.9995574122712246 68
1758578440023 0.9995793650288975 69
1758578440025 0.9995999279481239 70
1758578440028 0.9996019480126541 71
1758578440032 0.9996238298014066 72
1758578440035 0.9996240412511793 73
1758578440037 0.9996242269818643 74
1758578440040 0.999625549054389 75
1758578440043 0.9996238189214814 76
1758578440046 0.9996243783066127 77
1758578440050 0.9996266217673822 78
1758578440053 0.9996352728542317 79
1758578440056 0.9996912318161654 80
1758578440058 0.9997229804257763 81
1758578440061 0.9997216317693405 82
1758578440065 0.9997441928872873 83
1758578440068 0.9998037308319605 84
1758578440071 0.9998058222649079 85
1758578440074 0.9998099742576891 86
1758578440077 0.9998119053162889 87
1758578440081 0.9998153403007045 88
1758578440084 0.9998154412459093 89
1758578440087 0.9998163907773298 90
1758578440090 0.9998166121109371 91
1758578440093 0.9998188048174232 92
1758578440096 0.9998356167147214 93
1758578440099 0.9998385867520108 94
1758578440102 0.9998421991760059 95
1758578440105 0.9998694592344416 96
1758578440108 0.9998699107050858 97
1758578440111 0.9998888574768182 98
1758578440114 0.9998917160328382 99
1758578440117 0.9999013296013138 100
1758578440121 0.9999034574864899 101
1758578440123 0.9999004826199522 102
1758578440126 0.9998954684647856 103
1758578440130 0.99989586536824 104
1758578440134 0.9998994106841639 105
1758578440137 0.9998998997278186 106
1758578440140 0.9999015591736132 107
1758578440143 0.99990247710868 108
1758578440146 0.9999034241838173 109
1758578440149 0.9999023631538378 110
1758578440153 0.99990317135605 111
1758578440156 0.9999037469441583 112
1758578440159 0.9999079381562659 113
1758578440162 0.9999085751078138 114
1758578440166 0.9999044915943508 115
1758578440169 0.9999038977853072 116
1758578440172 0.9999047786938468 117
1758578440175 0.9999316944933535 118
1758578440178 0.9999320810229945 119
1758578440182 0.9999369601863719 120
1758578440185 0.9999371764649706 121
1758578440188 0.9999427778902512 122
1758578440191 0.9999517061510026 123
1758578440195 0.9999519381122302 124
1758578440198 0.9999541776333849 125
1758578440201 0.9999544924866157 126
1758578440205 0.9999541253272013 127
1758578439824 0.945757791426677 0
