1758578440683 0.6520020642196804 0
1758578440687 0.6087382047591221 1
1758578440691 0.569316837229132 2
1758578440695 0.5333582394565235 3
1758578440699 0.5005105999076701 4
1758578440703 0.4700770136538741 5
1758578440707 0.44185239460839953 6
1758578440711 0.4159722755363762 7
1758578440716 0.3918140472157041 8
1758578440720 0.3693931354418431 9
1758578440724 0.34858582950440165 10
1758578440728 0.3289429761236063 11
1758578440732 0.31327401302473756 12
1758578440737 0.2960351675888037 13
1758578440740 0.2798967414505655 14
1758578440744 0.2648294574231099 15
1758578440749 0.2506887134671705 16
1758578440753 0.23741397172460343 17
1758578440757 0.22500514863920462 18
1758578440761 0.2133265767396727 19
1758578440766 0.20234642704295397 20
1758578440770 0.19202208770029228 21
1758578440774 0.18224192994092417 22
1758578440778 0.1730860206149434 23
1758578440782 0.165716325435167 24
1758578440786 0.15845154992586447 25
1758578440790 0.15161869138428147 26
1758578440794 0.144153489308514 27
1758578440798 0.1371217060424331 28
1758578440802 0.1304818636742401 29
1758578440806 0.12422594248066665 30
1758578440809 0.11827591762389315 31
1758578440813 0.11263886774949843 32
1758578440817 0.10790741478280697 33
1758578440821 0.10283606131653854 34
1758578440825 0.09803950516832587 35
1758578440829 0.09349743586121467 36
1758578440833 0.08917764360031999 37
1758578440837 0.08513421758692714 38
1758578440841 0.0812819084718749 39
1758578440845 0.07763788769816822 40
1758578440849 0.07416977198188096 41
1758578440853 0.07089467722545692 42
1758578440857 0.06773985354401649 43
1758578440861 0.06478644260183787 44
1758578440866 0.06198827534593786 45
1758578440870 0.059320162171705895 46
1758578440874 0.05678613590034022 47
1758578440877 0.05438164461175513 48
1758578440882 0.05206721223127753 49
1758578440886 0.049876718782753265 50
1758578440890 0.04782530689078065 51
1758578440894 0.04586211107083057 52
1758578440898 0.04398127678070135 53
1758578440902 0.042235082435986934 54
1758578440906 0.0405630530847657 55
1758578440911 0.039162837011986786 56
1758578440915 0.03762504590058162 57
1758578440919 0.03616728799106398 58
1758578440923 0.03475417879320638 59
1758578440927 0.033432226748911525 60
1758578440931 0.03220903166993443 61
1758578440935 0.030996294651906484 62
1758578440939 0.029853277851604375 63
1758578440943 0.028756005364732978 64
1758578440947 0.02770821496295897 65
1758578440951 0.026724671541113586 66
1758578440955 0.025774054055615093 67
1758578440959 0.02502459991389978 68
1758578440964 0.024136000608011302 69
1758578440968 0.023271194040713178 70
1758578440972 0.022475080255280895 71
1758578440976 0.021718427655543923 72
1758578440981 0.02101797759667358 73
1758578440985 0.020325308676746968 74
1758578440989 0.01966478686818135 75
1758578440993 0.0191020855040722 76
1758578440997 0.01848904926113738 77
1758578441001 0.017910341333348595 78
1758578441006 0.017334932083291132 79
1758578441009 0.016864008570422563 80
1758578441014 0.016347272111832265 81
1758578441018 0.015864312841467422 82
1758578441022 0.01539445703635409 83
1758578441026 0.01492741113624072 84
1758578441030 0.014500679347658101 85
1758578441034 0.014080162924633741 86
1758578441038 0.0136860889308335 87
1758578441042 0.013278978475030222 88
1758578441046 0.012912275919820816 89
1758578441051 0.012573019188464934 90
1758578441055 0.012238166406275286 91
1758578441059 0.011872730440860449 92
1758578441063 0.011532145836909561 93
1758578441068 0.011216284775050999 94
1758578441072 0.010897809085886036 95
1758578441076 0.010614402506503364 96
1758578441081 0.010329526914155458 97
1758578441085 0.010054832019122308 98
1758578441089 0.009784022373542672 99
1758578441093 0.009559490552761538 100
1758578441098 0.009321226083005124 101
1758578441102 0.009117110432691212 102
1758578441106 0.008878369482054524 103
1758578441110 0.008677927525802761 104
1758578441114 0.008464728136987594 105
1758578441119 0.008224811817643632 106
1758578441123 0.00801698757016008 107
1758578441127 0.007851022978682001 108
1758578441131 0.007632481928044314 109
1758578441136 0.007435286929831765 110
1758578441140 0.007259430421025514 111
1758578441144 0.0070899484021588926 112
1758578441148 0.006926303035926184 113
1758578441153 0.006756281843402123 114
1758578441157 0.006591107437807249 115
1758578441161 0.006466522012160841 116
1758578441166 0.006346804875246456 117
1758578441170 0.006197880907158719 118
1758578441174 0.006049339148620632 119
1758578441178 0.005930173418390267 120
1758578441183 0.005784027227391904 121
1758578441188 0.005644440037043548 122
1758578441192 0.005500742257018318 123
1758578441196 0.005376982090186808 124
1758578441200 0.005237375539057341 125
1758578441204 0.005128458292831496 126
1758578441209 0.005008813329199615 127
1758578440683 0.6520020642196804 0
