1758578284780 0.6480102321285008 0
1758578284785 0.607399795206069 1
1758578284789 0.570162313860257 2
1758578284793 0.536090059618018 3
1758578284798 0.5051735544273427 4
1758578284802 0.489897893576397 5
1758578284806 0.4623244994806918 6
1758578284810 0.437324405263833 7
1758578284814 0.4138360239384533 8
1758578284819 0.39228944985094966 9
1758578284823 0.37243631206719097 10
1758578284828 0.35362508842671014 11
1758578284834 0.3357889881639113 12
1758578284839 0.3272170008673677 13
1758578284843 0.31105785317897156 14
1758578284847 0.2960208821823746 15
1758578284851 0.28894225709799454 16
1758578284855 0.2752597371472322 17
1758578284859 0.2624590838737048 18
1758578284863 0.2503110836946272 19
1758578284868 0.24483059693934703 20
1758578284872 0.23378374603297442 21
1758578284877 0.22340969364769542 22
1758578284881 0.21883031906328362 23
1758578284885 0.2093374908752821 24
1758578284890 0.2003947118363709 25
1758578284894 0.1920031076427676 26
1758578284898 0.1841134795767908 27
1758578284903 0.1806475113513815 28
1758578284907 0.1732280189512514 29
1758578284912 0.16639984691967707 30
1758578284916 0.15997776502852518 31
1758578284920 0.15375899298532208 32
1758578284924 0.14790614953586104 33
1758578284929 0.14249706089318473 34
1758578284934 0.13734904050792865 35
1758578284938 0.1351493230542243 36
1758578284942 0.13028893952942558 37
1758578284947 0.12572332273546866 38
1758578284952 0.12146488215299091 39
1758578284956 0.11741774901755721 40
1758578284960 0.11361062191735913 41
1758578284964 0.10999061313534916 42
1758578284968 0.10658741102662993 43
1758578284973 0.10338302014031006 44
1758578284977 0.1016103290209676 45
1758578284982 0.098583364147199 46
1758578284986 0.09573680981136792 47
1758578284992 0.0929981040849402 48
1758578284996 0.09044827888106924 49
1758578285000 0.08750978895658253 50
1758578285004 0.08515569460294838 51
1758578285009 0.08260135423323002 52
1758578285014 0.08047119617215538 53
1758578285018 0.07828325343588054 54
1758578285021 0.0763654678248853 55
1758578285026 0.07450568781282292 56
1758578285031 0.07234041236049323 57
1758578285035 0.07069002323842302 58
1758578285039 0.06883714303636439 59
1758578285044 0.06703480787217553 60
1758578285048 0.06539170156107488 61
1758578285053 0.06383706009265253 62
1758578285057 0.0625204173982449 63
1758578285062 0.06107570444864983 64
1758578285066 0.0597994893126283 65
1758578285070 0.05839343159879491 66
1758578285075 0.057291526154326214 67
1758578285080 0.05614770204915602 68
1758578285084 0.055054809278847545 69
1758578285088 0.05405342411171691 70
1758578285093 0.05294853345014791 71
1758578285098 0.05188584066708284 72
1758578285102 0.05089699577235125 73
1758578285106 0.05005768995951001 74
1758578285111 0.04911965210500212 75
1758578285116 0.048172401987121645 76
1758578285120 0.0473028588378168 77
1758578285125 0.04644932109093142 78
1758578285130 0.04565139690562756 79
1758578285134 0.04487278163736415 80
1758578285139 0.044152772370734845 81
1758578285144 0.04347125675278161 82
1758578285148 0.0427710769402211 83
1758578285152 0.042103907940852975 84
1758578285157 0.04148238433621728 85
1758578285162 0.04085670426156289 86
1758578285166 0.04031464409740698 87
1758578285171 0.03990104572144971 88
1758578285175 0.039302802185447794 89
1758578285180 0.03872927217902268 90
1758578285184 0.038211966103114996 91
1758578285188 0.03774867003209212 92
1758578285193 0.03720695057118566 93
1758578285198 0.036740956395411445 94
1758578285202 0.0361620817969557 95
1758578285206 0.035692254996333925 96
1758578285211 0.03526290713697453 97
1758578285215 0.03488604812048738 98
1758578285219 0.034391911882979034 99
1758578285224 0.03392437261739054 100
1758578285229 0.03355121799983949 101
1758578285233 0.033189317283493266 102
1758578285237 0.032831324695314364 103
1758578285242 0.0324925505554679 104
1758578285247 0.03210350273128697 105
1758578285252 0.03174419812158835 106
1758578285256 0.031395023520958305 107
1758578285261 0.031064457135460577 108
1758578285266 0.030783838057562813 109
1758578285270 0.03048513002842942 110
1758578285274 0.030180953945241385 111
1758578285279 0.029793337466964435 112
1758578285284 0.029489355966725174 113
1758578285288 0.029212897238305488 114
1758578285293 0.028923563382901526 115
1758578285298 0.028595807250706533 116
1758578285302 0.028333678879179532 117
1758578285306 0.028071094380313685 118
1758578285312 0.027802487659304945 119
1758578285316 0.027570585649060588 120
1758578285320 0.027266677039624546 121
1758578285325 0.02700307102047731 122
1758578285330 0.026788856789254686 123
1758578285335 0.026553772623359215 124
1758578285339 0.026347075370543694 125
1758578285345 0.0261236106143283 126
1758578285349 0.02586414663401949 127
1758578285354 0.025653298722903856 128
1758578285358 0.025455213466173153 129
1758578285363 0.02527587422434848 130
1758578285368 0.025034839709885022 131
1758578285372 0.02483704142357422 132
1758578285377 0.02459117662651084 133
1758578285383 0.024399723525214797 134
1758578285388 0.024188418765932067 135
1758578285392 0.023983131828730304 136
1758578285398 0.023762935077147912 137
1758578285402 0.023599282636157213 138
1758578285406 0.023462587679736177 139
1758578285412 0.023301759179604205 140
1758578285417 0.02314744075208303 141
1758578285421 0.022959320383936506 142
1758578285426 0.022783031946928715 143
1758578284780 0.6480102321285008 0
