1758578283749 0.9731891504908222 0
1758578283752 0.9736438964586119 1
1758578283754 0.9736525846922124 2
1758578283757 0.9835331382201562 3
1758578283760 0.9834948511075655 4
1758578283764 0.9936144335841118 5
1758578283767 0.9942851989301555 6
1758578283770 0.9942908672264394 7
1758578283773 0.9942859274128251 8
1758578283777 0.994351358350418 9
1758578283780 0.9943515639546112 10
1758578283783 0.994323430688721 11
1758578283786 0.9944187775074325 12
1758578283789 0.994684100908917 13
1758578283792 0.9947443239329181 14
1758578283795 0.99467419525824 15
1758578283798 0.9949349610389365 16
1758578283801 0.9949808922324426 17
1758578283804 0.9950041071423517 18
1758578283807 0.9949495989334961 19
1758578283811 0.9950709124272056 20
1758578283814 0.9950788589301031 21
1758578283818 0.9950424988087093 22
1758578283820 0.9952223390412234 23
1758578283823 0.9952317121612868 24
1758578283828 0.995379347538327 25
1758578283832 0.9954180834315046 26
1758578283836 0.9953951777938954 27
1758578283840 0.9955474538239241 28
1758578283843 0.995583040199715 29
1758578283846 0.995573849095702 30
1758578283849 0.9956104157862321 31
1758578283852 0.9956489391400326 32
1758578283855 0.9957176004324566 33
1758578283858 0.9956228264579715 34
1758578283861 0.9956566254405264 35
1758578283864 0.9958573120451556 36
1758578283867 0.995886520590406 37
1758578283870 0.9959830384977673 38
1758578283873 0.9960158960518993 39
1758578283876 0.9961370185204252 40
1758578283879 0.9960768604560494 41
1758578283881 0.9961254638129311 42
1758578283884 0.9961155281396051 43
1758578283888 0.9961157189792272 44
1758578283891 0.9968418127016191 45
1758578283894 0.9968733714202479 46
1758578283897 0.9968474960210376 47
1758578283900 0.9969353623060252 48
1758578283903 0.9970019775210431 49
1758578283906 0.9974714740196441 50
1758578283909 0.9974435025012476 51
1758578283912 0.99744462576353 52
1758578283915 0.9975128100759952 53
1758578283918 0.9975901182401564 54
1758578283921 0.9975647980077909 55
1758578283924 0.9975880768615478 56
1758578283927 0.9977223966247574 57
1758578283931 0.9977152183245882 58
1758578283933 0.9978787980956505 59
1758578283937 0.9978626567552416 60
1758578283940 0.9980470963023393 61
1758578283942 0.9982169613262836 62
1758578283946 0.9981834960155224 63
1758578283949 0.9982417340908593 64
1758578283952 0.998276051829234 65
1758578283955 0.9983538071819553 66
1758578283958 0.9984285770184846 67
1758578283961 0.9984692046200775 68
1758578283964 0.9984714150311681 69
1758578283967 0.9984819916107486 70
1758578283971 0.9985087274527432 71
1758578283974 0.9985680010525193 72
1758578283977 0.9986071034776509 73
1758578283980 0.9986003897316466 74
1758578283983 0.9986477645130959 75
1758578283987 0.9987023855146103 76
1758578283990 0.9987184190710172 77
1758578283993 0.9987516071973109 78
1758578283996 0.9987728377769453 79
1758578283999 0.9987929170385311 80
1758578284002 0.9988007607023567 81
1758578284005 0.9988348983709596 82
1758578284009 0.998828948671579 83
1758578284012 0.9988411315746042 84
1758578284016 0.9988652580532629 85
1758578284019 0.9988706586380051 86
1758578284022 0.9988794748128412 87
1758578284025 0.9989104168419531 88
1758578284029 0.9989099350028503 89
1758578284032 0.9989316237293403 90
1758578284035 0.9989419687424925 91
1758578284039 0.9989463484893336 92
1758578284042 0.9989679002966871 93
1758578284046 0.9989961062925933 94
1758578284049 0.9990043914831481 95
1758578284053 0.9990085557651073 96
1758578284056 0.9990297366861043 97
1758578284059 0.9990368270532046 98
1758578284062 0.9990645142212374 99
1758578284066 0.9990775067571062 100
1758578284069 0.999087116621081 101
1758578284072 0.9990926874537659 102
1758578284075 0.999115320268588 103
1758578284078 0.9991293236717476 104
1758578284082 0.9991384975792914 105
1758578284086 0.9991604027811459 106
1758578284089 0.999168610354124 107
1758578284092 0.999181553473042 108
1758578284095 0.9991835533288693 109
1758578284099 0.9991834919434489 110
1758578284102 0.9992143944783519 111
1758578284105 0.99922775783319 112
1758578284108 0.9992387842443835 113
1758578284112 0.9992505281913867 114
1758578284116 0.9992648418161193 115
1758578284119 0.999271329011001 116
1758578284123 0.9992793578158009 117
1758578284126 0.9992870989195005 118
1758578284130 0.9992904237339962 119
1758578284133 0.9992972007184399 120
1758578284136 0.9993096818690141 121
1758578284140 0.9993074845431167 122
1758578284143 0.9993235929535348 123
1758578284147 0.9993350337950414 124
1758578284150 0.999336799993154 125
1758578284153 0.999358765845697 126
1758578284157 0.9993649264560223 127
1758578284160 0.999365712812261 128
1758578284164 0.9993725364887046 129
1758578284167 0.9993826044151888 130
1758578284171 0.9993936987889114 131
1758578284174 0.9993925199363254 132
1758578284177 0.9993994780221058 133
1758578284181 0.9994067619234208 134
1758578284184 0.9994176039824567 135
1758578284188 0.9994257132491656 136
1758578284191 0.9994368918204068 137
1758578284194 0.9994384965365173 138
1758578284198 0.9994611105659661 139
1758578284202 0.9994622962074268 140
1758578284205 0.9994675294959967 141
1758578284209 0.999475475907021 142
1758578284212 0.9994875100580828 143
1758578283749 0.9731891504908222 0
