1758578121056 0.01179851630282589 0
1758578121060 0.0041496333859767556 1
1758578121064 0.0036908232564962064 2
1758578121068 0.0034040112325773005 3
1758578121071 0.0031872580427960945 4
1758578121075 0.003026720552123086 5
1758578121079 0.002879717915811207 6
1758578121083 0.0027373370763519593 7
1758578121086 0.0026259222728156574 8
1758578121090 0.0025119708943580534 9
1758578121094 0.0024090332523231156 10
1758578121098 0.002304822000039446 11
1758578121101 0.0022376296699584144 12
1758578121105 0.0021586892516606707 13
1758578121108 0.0020770920037379123 14
1758578121112 0.0019953409596611214 15
1758578121116 0.0019042065603422727 16
1758578121120 0.0018332630109263786 17
1758578121123 0.00177051591346329 18
1758578121127 0.0017236071130293975 19
1758578121131 0.0016666873783703527 20
1758578121135 0.0016186956915357738 21
1758578121138 0.0015693777902183285 22
1758578121142 0.0015232669504926268 23
1758578121146 0.0014763857669020486 24
1758578121150 0.0014315801875486322 25
1758578121154 0.0013936131098498752 26
1758578121158 0.0013571077306135885 27
1758578121162 0.0013142227464141574 28
1758578121166 0.0012784562193272403 29
1758578121170 0.00123699387232235 30
1758578121173 0.0011987115572186188 31
1758578121177 0.0011630942623828593 32
1758578121182 0.001103953379479894 33
1758578121185 0.001074282860950012 34
1758578121189 0.0010435192248798174 35
1758578121192 0.0009867368175653028 36
1758578121197 0.0009547940223699223 37
1758578121201 0.0009249027788523859 38
1758578121204 0.0008999626948320058 39
1758578121208 0.0008734862982237486 40
1758578121212 0.0008530102232869477 41
1758578121215 0.0008306034646920262 42
1758578121219 0.000808721493123554 43
1758578121222 0.0007901775318903436 44
1758578121226 0.0007657700174134668 45
1758578121230 0.0007425218283372639 46
1758578121234 0.0007211264846573421 47
1758578121238 0.0007060420359994771 48
1758578121242 0.0006907430006188421 49
1758578121246 0.0006741886057019833 50
1758578121251 0.0006540000980795618 51
1758578121254 0.0006384315599447358 52
1758578121258 0.0006241470532989386 53
1758578121262 0.0006095481682374189 54
1758578121266 0.0005931553808536061 55
1758578121269 0.0005792250805644394 56
1758578121273 0.0005671907777945336 57
1758578121277 0.0005514989870786783 58
1758578121281 0.0005404081538441223 59
1758578121285 0.000529147239449954 60
1758578121289 0.0005172773610551104 61
1758578121293 0.0005068687620242156 62
1758578121297 0.0004962268567654645 63
1758578121301 0.0004864896993733823 64
1758578121305 0.00047661200375789445 65
1758578121308 0.00046389598744925754 66
1758578121312 0.000453920350336489 67
1758578121316 0.00044268263418888724 68
1758578121320 0.0004334700679192963 69
1758578121324 0.00042510027128702077 70
1758578121328 0.00041577049998681924 71
1758578121332 0.00040555181260610446 72
1758578121336 0.000394866724680994 73
1758578121340 0.00038741750486944885 74
1758578121344 0.0003803087541558554 75
1758578121348 0.0003706848016889074 76
1758578121352 0.0003638663862798582 77
1758578121356 0.0003555619941686145 78
1758578121360 0.0003487428620804802 79
1758578121364 0.0003410712428062529 80
1758578121369 0.00033498400354355876 81
1758578121372 0.0003267895954654825 82
1758578121376 0.0003206848058584857 83
1758578121381 0.0003138328965610449 84
1758578121385 0.0003074850280151123 85
1758578121389 0.00030155789274786054 86
1758578121392 0.0002960369941844767 87
1758578121397 0.00029025822503728026 88
1758578121401 0.0002843458870595881 89
1758578121405 0.0002793253438189893 90
1758578121409 0.00027501572454969453 91
1758578121413 0.0002694923885542228 92
1758578121417 0.0002643373066296063 93
1758578121421 0.00025975644462114826 94
1758578121425 0.00025449076764068773 95
1758578121429 0.00025016941033252405 96
1758578121433 0.00024539774959205787 97
1758578121437 0.00024063345828663385 98
1758578121441 0.0002350175423804269 99
1758578121445 0.00023093373713517902 100
1758578121450 0.00022587370756062524 101
1758578121454 0.0002215856251253028 102
1758578121457 0.00021796796938052432 103
1758578121462 0.0002135659402187257 104
1758578121466 0.00021030507156438773 105
1758578121470 0.00020707366750350614 106
1758578121474 0.0002040309832732272 107
1758578121479 0.00020112899273570616 108
1758578121483 0.00019755593631597953 109
1758578121487 0.0001929004750194257 110
1758578121491 0.0001898040568995585 111
1758578121495 0.00018680260457505125 112
1758578121500 0.0001840535049490471 113
1758578121504 0.00018088038273832065 114
1758578121507 0.00017777058063788844 115
1758578121056 0.01179851630282589 0
