1758578120315 0.1601971818328965 0
1758578120318 0.3241084147295782 1
1758578120330 0.5153000206518865 2
1758578120333 0.585144320069474 3
1758578120335 0.6143988619982879 4
1758578120338 0.6819788655099842 5
1758578120341 0.70023944151838 6
1758578120344 0.7241145719150138 7
1758578120346 0.7346129760112428 8
1758578120349 0.7504841659872667 9
1758578120351 0.7613441083584599 10
1758578120354 0.7742489624200737 11
1758578120357 0.7859366529184634 12
1758578120359 0.8066657603408676 13
1758578120362 0.8277780129701615 14
1758578120364 0.8415614297743873 15
1758578120367 0.8542972401094435 16
1758578120369 0.8631487434438079 17
1758578120372 0.8737010537768786 18
1758578120375 0.8783927218049767 19
1758578120377 0.8868285100376445 20
1758578120380 0.8927635141820831 21
1758578120382 0.8969547452770329 22
1758578120385 0.901449579848892 23
1758578120388 0.9072023173033396 24
1758578120391 0.918264613300463 25
1758578120394 0.9210543367115579 26
1758578120397 0.9244567122176716 27
1758578120399 0.9286148734815314 28
1758578120402 0.931805122605498 29
1758578120405 0.9381967405129401 30
1758578120408 0.9393322959298142 31
1758578120410 0.9425202186730331 32
1758578120413 0.9490937219469967 33
1758578120416 0.9509135502175401 34
1758578120418 0.9551967039190771 35
1758578120422 0.9645738933614301 36
1758578120425 0.9688432600865419 37
1758578120428 0.9729031511256936 38
1758578120430 0.9749911169943302 39
1758578120433 0.9783903892704815 40
1758578120435 0.9797334885049466 41
1758578120438 0.9798319630596606 42
1758578120441 0.979985184559564 43
1758578120445 0.9793546675356043 44
1758578120447 0.9818705859456438 45
1758578120450 0.9839157065547632 46
1758578120453 0.9873141726560426 47
1758578120456 0.9879703674026319 48
1758578120459 0.9879703674026319 49
1758578120462 0.989554861447422 50
1758578120464 0.9902929986922279 51
1758578120467 0.9907773333466444 52
1758578120470 0.9916075140948579 53
1758578120473 0.9927714553053263 54
1758578120475 0.9932875474591156 55
1758578120478 0.9932875474591156 56
1758578120481 0.9932875474591156 57
1758578120483 0.9940591103732634 58
1758578120486 0.9955011631786562 59
1758578120489 0.9965051221392898 60
1758578120492 0.9968265621907202 61
1758578120495 0.9968265621907202 62
1758578120498 0.9965051221392898 63
1758578120500 0.9965051221392898 64
1758578120503 0.9971418207027 65
1758578120506 0.9971418207027 66
1758578120509 0.9971418207027 67
1758578120513 0.9977547132116643 68
1758578120515 0.9983455158516472 69
1758578120518 0.9986331201081903 70
1758578120521 0.9986331201081903 71
1758578120524 0.9986331201081903 72
1758578120527 0.9986331201081903 73
1758578120531 0.9986331201081903 74
1758578120533 0.9994668446740818 75
1758578120536 0.9997355896351137 76
1758578120539 0.9997355896351137 77
1758578120542 0.9994668446740818 78
1758578120545 0.9997355896351137 79
1758578120548 0.9997355896351137 80
1758578120551 0.9997355896351137 81
1758578120554 1.0 82
1758578120558 1.0 83
1758578120561 0.9997355896351137 84
1758578120563 0.9997355896351137 85
1758578120566 1.0 86
1758578120570 1.0 87
1758578120573 1.0 88
1758578120576 1.0 89
1758578120579 1.0 90
1758578120581 1.0 91
1758578120584 1.0 92
1758578120587 1.0 93
1758578120591 1.0 94
1758578120594 1.0 95
1758578120597 1.0 96
1758578120600 1.0 97
1758578120603 1.0 98
1758578120606 1.0 99
1758578120610 1.0 100
1758578120612 1.0 101
1758578120615 1.0 102
1758578120618 1.0 103
1758578120621 1.0 104
1758578120624 1.0 105
1758578120628 1.0 106
1758578120631 1.0 107
1758578120634 1.0 108
1758578120636 1.0 109
1758578120640 1.0 110
1758578120644 1.0 111
1758578120647 1.0 112
1758578120650 1.0 113
1758578120653 1.0 114
1758578120656 1.0 115
1758578120315 0.1601971818328965 0
