1758578216101 0.11661184532210152 0
1758578216107 0.13283726316338085 1
1758578216111 0.13596490425926414 2
1758578216115 0.143963502063441 3
1758578216117 0.14443813926855598 4
1758578216121 0.2934466860346501 5
1758578216124 0.2960554012231246 6
1758578216128 0.29646109476010263 7
1758578216131 0.297980698910754 8
1758578216134 0.29996646271943234 9
1758578216136 0.3014045259841068 10
1758578216139 0.34586947336022444 11
1758578216143 0.3608928279366928 12
1758578216146 0.3650077280681776 13
1758578216148 0.3654502060252024 14
1758578216151 0.3699247307724549 15
1758578216153 0.3777483514732 16
1758578216156 0.38547692346229245 17
1758578216159 0.3952277635701324 18
1758578216162 0.3996783609961171 19
1758578216165 0.41805481170365827 20
1758578216168 0.4211984824745333 21
1758578216171 0.42433604997751323 22
1758578216174 0.4389453789885983 23
1758578216177 0.44888138678758893 24
1758578216181 0.43880108585509514 25
1758578216183 0.4614689304382779 26
1758578216186 0.4655162558751662 27
1758578216189 0.4741143065872762 28
1758578216193 0.47855880585901717 29
1758578216196 0.4826438934273418 30
1758578216199 0.49142451413862576 31
1758578216202 0.49544293697352143 32
1758578216205 0.5000881821256755 33
1758578216208 0.5051827816203439 34
1758578216212 0.5098152556544192 35
1758578216215 0.521859185154802 36
1758578216219 0.531469104636086 37
1758578216221 0.5443126416249858 38
1758578216225 0.5533303093726661 39
1758578216228 0.562151801782023 40
1758578216231 0.571129908919983 41
1758578216235 0.5818472718623601 42
1758578216238 0.5886951540500182 43
1758578216241 0.5953154837320211 44
1758578216244 0.6089100275860131 45
1758578216247 0.6206309681155308 46
1758578216251 0.6295869143114963 47
1758578216254 0.6451610737707174 48
1758578216258 0.6532597867138359 49
1758578216262 0.6620190115012234 50
1758578216265 0.6708924675363066 51
1758578216268 0.6784098934731237 52
1758578216272 0.689727521445936 53
1758578216276 0.7058748588033233 54
1758578216279 0.7144368464891347 55
1758578216283 0.7213842822701465 56
1758578216286 0.7311369330186545 57
1758578216289 0.7384607498102667 58
1758578216293 0.7481465662157439 59
1758578216296 0.7573555037885994 60
1758578216300 0.7667602313062671 61
1758578216303 0.7744168419021349 62
1758578216306 0.7799329739212227 63
1758578216309 0.7868377329326939 64
1758578216312 0.7921604279014579 65
1758578216316 0.7988242113883655 66
1758578216319 0.8037591952410924 67
1758578216322 0.8102327669526319 68
1758578216325 0.8169887216385348 69
1758578216329 0.823636393925545 70
1758578216333 0.8319876840375754 71
1758578216337 0.8379521373286131 72
1758578216340 0.8459445745881837 73
1758578216343 0.8538892263731679 74
1758578216347 0.8576296195730003 75
1758578216350 0.8646663776963337 76
1758578216353 0.8711454850424767 77
1758578216356 0.8804713381437274 78
1758578216359 0.8816160387707174 79
1758578216363 0.8905511413365309 80
1758578216366 0.8911174970297463 81
1758578216370 0.8953347553224329 82
1758578216372 0.9018549732871085 83
1758578216376 0.9077820288688054 84
1758578216379 0.9161015330452934 85
1758578216383 0.9203729190581478 86
1758578216386 0.9235170800185823 87
1758578216389 0.9275977361770742 88
1758578216393 0.93082305232122 89
1758578216396 0.9320492971007389 90
1758578216400 0.9363576587950375 91
1758578216403 0.9401957631388421 92
1758578216406 0.9414773755093199 93
1758578216409 0.9438463040865465 94
1758578216413 0.9455298905477639 95
1758578216417 0.9479169382999562 96
1758578216420 0.9519781483325825 97
1758578216423 0.9561643787555099 98
1758578216427 0.9578354539355475 99
1758578216430 0.9601244815044578 100
1758578216433 0.960788794547554 101
1758578216436 0.9624585686772323 102
1758578216439 0.9639090057303323 103
1758578216443 0.9663429105350896 104
1758578216446 0.9658984623014766 105
1758578216449 0.9681511515710229 106
1758578216452 0.968168133809687 107
1758578216455 0.9715811319876884 108
1758578216459 0.9716948030115073 109
1758578216462 0.9740412208433269 110
1758578216466 0.9774411502866759 111
1758578216470 0.9774411502866759 112
1758578216473 0.9783815879519797 113
1758578216477 0.9819312095136588 114
1758578216480 0.9820192549514626 115
1758578216484 0.9823066724519949 116
1758578216487 0.9824877931034848 117
1758578216490 0.9856386367995531 118
1758578216493 0.9856889302028577 119
1758578216497 0.9870151162933156 120
1758578216501 0.9870151162933156 121
1758578216505 0.9888504485328754 122
1758578216508 0.989132916999123 123
1758578216512 0.989132916999123 124
1758578216516 0.9893524077805101 125
1758578216521 0.9903850421956356 126
1758578216524 0.9906536353233563 127
1758578216528 0.9929182944553191 128
1758578216532 0.9942074470933939 129
1758578216535 0.9942074470933939 130
1758578216538 0.9942074470933939 131
1758578216541 0.9943091739286661 132
1758578216544 0.9954916266142302 133
1758578216548 0.9959508688645172 134
1758578216552 0.9959508688645172 135
1758578216555 0.9965525137284572 136
1758578216558 0.9970892038143276 137
1758578216562 0.9973410232094575 138
1758578216566 0.9976286274660005 139
1758578216569 0.9981516576438497 140
1758578216572 0.9983996735168655 141
1758578216575 0.9983996735168655 142
1758578216579 0.9989157656706549 143
1758578216583 0.9989157656706549 144
1758578216586 0.9989157656706549 145
1758578216589 0.9991936206303659 146
1758578216593 0.9989157656706549 147
1758578216597 0.9994668446740818 148
1758578216601 0.9994668446740818 149
1758578216604 0.9994668446740818 150
1758578216101 0.11661184532210152 0
