1758578217207 0.0077058956171661384 0
1758578217211 0.006928208120922774 1
1758578217216 0.006390303040082272 2
1758578217220 0.0060252488154627195 3
1758578217224 0.005718042539892992 4
1758578217230 0.005513514774439782 5
1758578217234 0.0052915862597765345 6
1758578217238 0.005100992604676746 7
1758578217244 0.004916744797327 8
1758578217248 0.004765985343288757 9
1758578217252 0.004616187052254125 10
1758578217257 0.004492944683720126 11
1758578217262 0.004372818792751168 12
1758578217266 0.004263802671123485 13
1758578217270 0.004162924365604031 14
1758578217275 0.004059938043312776 15
1758578217279 0.00396835872797969 16
1758578217284 0.0038553282256831322 17
1758578217289 0.0037718176546324036 18
1758578217294 0.0036779336943063095 19
1758578217298 0.003607533497655797 20
1758578217302 0.003537090165540021 21
1758578217307 0.003463609812870597 22
1758578217312 0.0034049070306427258 23
1758578217317 0.00334482805403439 24
1758578217321 0.00328698767669168 25
1758578217327 0.0032064719817260796 26
1758578217331 0.0031434270760089525 27
1758578217335 0.003083849793818926 28
1758578217339 0.0030276419074748424 29
1758578217344 0.0029755407259333543 30
1758578217349 0.0029090288020749183 31
1758578217353 0.0028526801248451067 32
1758578217357 0.002811125723990534 33
1758578217362 0.0027635916370017314 34
1758578217368 0.0026848448640696466 35
1758578217373 0.00264973007867611 36
1758578217378 0.002586170090480044 37
1758578217383 0.002520275978229756 38
1758578217387 0.0024744222244263816 39
1758578217391 0.002432508541880185 40
1758578217396 0.002397692463833368 41
1758578217401 0.0023580176882960473 42
1758578217405 0.0023267257422898437 43
1758578217410 0.00229091651913268 44
1758578217415 0.0022515242424914254 45
1758578217419 0.0022180514991510824 46
1758578217423 0.002157946398932945 47
1758578217428 0.0020827714742308544 48
1758578217432 0.0020574117588998196 49
1758578217437 0.002024034462978304 50
1758578217441 0.00199075647193629 51
1758578217446 0.001963832548235439 52
1758578217451 0.0019346473906012578 53
1758578217457 0.0019108981124923363 54
1758578217461 0.0018858114909420481 55
1758578217466 0.0018560398777284516 56
1758578217471 0.0018301373085805967 57
1758578217475 0.0018096088892159275 58
1758578217480 0.0017823465388819711 59
1758578217485 0.0017605861853929403 60
1758578217489 0.0017324933618917601 61
1758578217494 0.0017119706298707245 62
1758578217498 0.0016910984172504783 63
1758578217503 0.0016726556324037868 64
1758578217508 0.001654255673065279 65
1758578217513 0.0016357967723871806 66
1758578217519 0.0016186668643821294 67
1758578217523 0.001597716296988296 68
1758578217527 0.00158204385283383 69
1758578217532 0.0015664075465763802 70
1758578217537 0.0015452256634316992 71
1758578217541 0.0015256899374895105 72
1758578217545 0.0015052166369944834 73
1758578217550 0.001480113168939425 74
1758578217555 0.0014638324304329716 75
1758578217560 0.0014489289059185762 76
1758578217565 0.0014350918593061903 77
1758578217570 0.0014169538018829594 78
1758578217576 0.0014038882039778 79
1758578217581 0.0013854626378889728 80
1758578217587 0.0013734617472272242 81
1758578217591 0.0013609138723253813 82
1758578217596 0.001347332694365007 83
1758578217601 0.0013298738380269621 84
1758578217606 0.0013110795178031011 85
1758578217610 0.0012923796457234608 86
1758578217615 0.0012792967731615394 87
1758578217620 0.0012636908432458994 88
1758578217624 0.0012518357028658933 89
1758578217629 0.001237941563724073 90
1758578217635 0.001227522971242949 91
1758578217639 0.0012124673657224882 92
1758578217643 0.0012020762939943409 93
1758578217647 0.0011896927340241466 94
1758578217653 0.0011801189303846146 95
1758578217657 0.001168027284534752 96
1758578217662 0.0011555125929521696 97
1758578217667 0.0011427833928667997 98
1758578217672 0.0011350584379989852 99
1758578217676 0.0011189557717692685 100
1758578217680 0.0011120564973837272 101
1758578217687 0.0011037592830163508 102
1758578217692 0.0010936137171300602 103
1758578217697 0.0010844725649988396 104
1758578217702 0.001073454252488061 105
1758578217707 0.0010614360283521286 106
1758578217712 0.0010519581585462213 107
1758578217717 0.0010392059499604136 108
1758578217721 0.0010316269962490048 109
1758578217726 0.0010206099040449541 110
1758578217730 0.001012653626902112 111
1758578217735 0.0010070615398139037 112
1758578217740 0.0009972574207809048 113
1758578217744 0.000987639187551035 114
1758578217748 0.0009786366694295866 115
1758578217754 0.0009724104063259589 116
1758578217758 0.0009644146516735263 117
1758578217763 0.0009568594169688759 118
1758578217769 0.0009496922171362562 119
1758578217773 0.0009394826289746566 120
1758578217778 0.0009341303606675651 121
1758578217783 0.0009227019902094208 122
1758578217788 0.0009138216881559839 123
1758578217793 0.0009071960080700011 124
1758578217797 0.0008988772604752287 125
1758578217802 0.0008883374485292884 126
1758578217806 0.0008808243395359147 127
1758578217811 0.0008738206055183963 128
1758578217816 0.000865106376922069 129
1758578217821 0.0008577641199305955 130
1758578217826 0.0008501839110315167 131
1758578217832 0.0008419105429362371 132
1758578217837 0.0008344238440125419 133
1758578217842 0.0008269483975007605 134
1758578217847 0.0008216058516659354 135
1758578217852 0.0008130640408053305 136
1758578217857 0.0008035085054899084 137
1758578217862 0.0007977189726004601 138
1758578217868 0.0007906514733572657 139
1758578217872 0.0007847678552039704 140
1758578217877 0.0007788565015208652 141
1758578217884 0.0007719282744538599 142
1758578217889 0.0007649467142270335 143
1758578217894 0.0007573680875908862 144
1758578217899 0.000750878783368604 145
1758578217904 0.0007456292538074327 146
1758578217909 0.0007392704144631986 147
1758578217914 0.0007341985326818846 148
1758578217919 0.0007297989523237167 149
1758578217924 0.0007230427227984082 150
1758578217207 0.0077058956171661384 0
