1758578456661 0.6520020642196804 0
1758578456666 0.6087382047591221 1
1758578456672 0.569316837229132 2
1758578456677 0.5333582394565235 3
1758578456683 0.5005105999076701 4
1758578456688 0.4700770136538741 5
1758578456694 0.44185239460839953 6
1758578456699 0.4159722755363762 7
1758578456705 0.3918140472157041 8
1758578456710 0.3693931354418431 9
1758578456716 0.3485858295044017 10
1758578456722 0.3289429761236063 11
1758578456728 0.31327401302473756 12
1758578456734 0.2960351675888037 13
1758578456739 0.2798967414505655 14
1758578456744 0.2648294574231099 15
1758578456750 0.2506887134671704 16
1758578456755 0.2374139717246034 17
1758578456760 0.22500514863920462 18
1758578456766 0.2133265767396727 19
1758578456772 0.20234642704295397 20
1758578456777 0.19202208770029228 21
1758578456784 0.18224192994092417 22
1758578456790 0.1730860206149434 23
1758578456795 0.165716325435167 24
1758578456801 0.15845154992586447 25
1758578456807 0.15161869138428147 26
1758578456813 0.144153489308514 27
1758578456820 0.1371217060424331 28
1758578456826 0.1304818636742401 29
1758578456831 0.12422594248066665 30
1758578456838 0.11827591762389314 31
1758578456844 0.11263886774949843 32
1758578456850 0.10790741478280698 33
1758578456856 0.10283606131653854 34
1758578456863 0.09803950516832587 35
1758578456869 0.09349743586121467 36
1758578456875 0.08917764360031999 37
1758578456882 0.08513421758692714 38
1758578456889 0.0812819084718749 39
1758578456897 0.07763788769816822 40
1758578456903 0.07416977198188096 41
1758578456909 0.07089467722545692 42
1758578456915 0.06773985354401649 43
1758578456924 0.06478644260183788 44
1758578456931 0.06198827534593786 45
1758578456937 0.059320162171705895 46
1758578456943 0.05678613590034022 47
1758578456949 0.05438164461175513 48
1758578456955 0.05206721223127753 49
1758578456961 0.049876718782753265 50
1758578456968 0.04782530689078065 51
1758578456974 0.04586211107083056 52
1758578456980 0.04398127678070135 53
1758578456986 0.04223508243598693 54
1758578456992 0.0405630530847657 55
1758578456998 0.039162837011986786 56
1758578457004 0.03762504590058162 57
1758578457010 0.03616728799106398 58
1758578457016 0.03475417879320638 59
1758578457023 0.033432226748911525 60
1758578457028 0.03220903166993443 61
1758578457035 0.030996294651906484 62
1758578457040 0.02985327785160438 63
1758578457046 0.028756005364732974 64
1758578457052 0.02770821496295897 65
1758578457058 0.026724671541113586 66
1758578457064 0.02577405405561509 67
1758578457070 0.02502459991389978 68
1758578457075 0.024136000608011306 69
1758578457081 0.023271194040713178 70
1758578457087 0.022475080255280895 71
1758578457093 0.02171842765554392 72
1758578457099 0.02101797759667358 73
1758578457105 0.020325308676746968 74
1758578457111 0.01966478686818135 75
1758578457118 0.0191020855040722 76
1758578457124 0.01848904926113738 77
1758578457129 0.017910341333348595 78
1758578457136 0.01733493208329113 79
1758578457141 0.016864008570422563 80
1758578457147 0.016347272111832265 81
1758578457153 0.015864312841467422 82
1758578457159 0.01539445703635409 83
1758578457165 0.01492741113624072 84
1758578457171 0.014500679347658101 85
1758578457177 0.01408016292463374 86
1758578457184 0.0136860889308335 87
1758578457190 0.013278978475030222 88
1758578457196 0.012912275919820816 89
1758578457202 0.012573019188464934 90
1758578457207 0.012238166406275284 91
1758578457213 0.01187273044086045 92
1758578457219 0.011532145836909561 93
1758578457225 0.011216284775050997 94
1758578457230 0.010897809085886036 95
1758578457236 0.010614402506503364 96
1758578457242 0.010329526914155458 97
1758578457247 0.01005483201912231 98
1758578457253 0.009784022373542672 99
1758578457259 0.009559490552761538 100
1758578457265 0.009321226083005124 101
1758578457271 0.009117110432691212 102
1758578457276 0.008878369482054524 103
1758578457282 0.008677927525802761 104
1758578457288 0.008464728136987594 105
1758578457293 0.008224811817643632 106
1758578457300 0.00801698757016008 107
1758578457305 0.007851022978682001 108
1758578457311 0.007632481928044314 109
1758578457317 0.007435286929831765 110
1758578457323 0.007259430421025514 111
1758578457328 0.0070899484021588926 112
1758578457334 0.006926303035926184 113
1758578457340 0.006756281843402123 114
1758578457345 0.006591107437807249 115
1758578457352 0.00646652201216084 116
1758578457357 0.006346804875246456 117
1758578457363 0.006197880907158718 118
1758578457369 0.006049339148620632 119
1758578457375 0.005930173418390266 120
1758578457381 0.005784027227391904 121
1758578457387 0.005644440037043548 122
1758578457392 0.005500742257018319 123
1758578457399 0.005376982090186809 124
1758578457405 0.00523737553905734 125
1758578457410 0.005128458292831496 126
1758578457416 0.005008813329199615 127
1758578457422 0.004897576696149095 128
1758578457428 0.004789366317967886 129
1758578457434 0.004693309153389703 130
1758578457441 0.004593077759945497 131
1758578457447 0.0044973500570752965 132
1758578457453 0.0044095446804621454 133
1758578457459 0.004316997609611972 134
1758578457465 0.0042347294570590594 135
1758578457471 0.004146155567286438 136
1758578457477 0.004076051365416911 137
1758578457483 0.003992298076458538 138
1758578457489 0.003907452046466524 139
1758578457495 0.003835009527800512 140
1758578457501 0.003755283381959717 141
1758578457507 0.0036906602989678775 142
1758578457513 0.0036223103069995006 143
1758578457520 0.00355680375025455 144
1758578457525 0.0034921566540316116 145
1758578457531 0.003426972144934334 146
1758578457537 0.0033626165990071097 147
1758578457543 0.003297919221100864 148
1758578457549 0.0032368010582531823 149
1758578457555 0.0031851139592480784 150
1758578457561 0.00313118378385014 151
1758578457567 0.003077499692706119 152
1758578457573 0.0030184326379840685 153
1758578457579 0.002966368422588384 154
1758578457586 0.0029107267261006533 155
1758578457591 0.002860846327796967 156
1758578457598 0.002810641563166424 157
1758578457604 0.0027586837917802287 158
1758578457610 0.002709047940735652 159
1758578457616 0.0026564505436764466 160
1758578457622 0.002614392242641248 161
1758578457628 0.002574517582439961 162
1758578457634 0.0025302975331370804 163
1758578457640 0.002487623423846196 164
1758578457646 0.0024481567650423298 165
1758578457652 0.0024114745938978144 166
1758578457658 0.0023695943095397515 167
1758578457664 0.0023248545348408508 168
1758578457670 0.002285373130595747 169
1758578457676 0.002246258265277495 170
1758578457683 0.0022134231578180277 171
1758578457690 0.002175331925309696 172
1758578457695 0.0021381008352496333 173
1758578457702 0.0021052663932044097 174
1758578457708 0.002067194746304391 175
1758578457714 0.0020359920166708695 176
1758578457720 0.002007203465815403 177
1758578457726 0.0019753052762142144 178
1758578457732 0.0019448911098098188 179
1758578457738 0.0019053642735040286 180
1758578457744 0.0018741570081306294 181
1758578457750 0.001843962022326053 182
1758578457757 0.0018147810341594024 183
1758578457763 0.0017867710437210616 184
1758578457769 0.0017559493185043131 185
1758578457775 0.0017236826030530032 186
1758578457781 0.0016970436550067108 187
1758578457788 0.0016708900063302373 188
1758578457794 0.001646635035124145 189
1758578457800 0.0016198970669554118 190
1758578457807 0.0015942558307445922 191
1758578457813 0.0015685972161707579 192
1758578457820 0.0015452355296697669 193
1758578457826 0.0015210970901573452 194
1758578457833 0.0015008528269026397 195
1758578457839 0.0014796887518530163 196
1758578457845 0.0014537472580153903 197
1758578457851 0.001431239403650819 198
1758578457858 0.0014077937703355244 199
1758578457864 0.001388145173464305 200
1758578457870 0.001367009909231462 201
1758578457876 0.001346019301305966 202
1758578457883 0.0013268193401043652 203
1758578457890 0.0013071253951502874 204
1758578457895 0.0012825611772523363 205
1758578457902 0.001263045562871698 206
1758578457908 0.0012440035688694943 207
1758578457914 0.0012261845141406642 208
1758578457921 0.0012050471908596897 209
1758578457928 0.0011866026040618977 210
1758578457934 0.0011679572690315439 211
1758578457941 0.0011508359705319025 212
1758578457947 0.0011347974490448348 213
1758578457954 0.0011153368800627893 214
1758578457961 0.0010974883485191937 215
1758578457968 0.001080573567600157 216
1758578457974 0.00106075145862305 217
1758578457981 0.0010467917884363306 218
1758578457987 0.0010306569740210427 219
1758578457994 0.001016686920660616 220
1758578458001 0.0010025407930439904 221
1758578458007 0.0009864770307131808 222
1758578458013 0.000973147732700622 223
1758578458020 0.0009584740337742142 224
1758578458027 0.0009437448056293569 225
1758578458034 0.0009314510488795863 226
1758578458040 0.0009161918647481225 227
1758578458046 0.0009035532952665794 228
1758578458053 0.0008899557478611401 229
1758578458060 0.0008756858113398127 230
1758578458067 0.0008622099989021787 231
1758578458073 0.0008518001109314954 232
1758578458080 0.000839682206133033 233
1758578458086 0.0008246427116504095 234
1758578458093 0.0008113695607449404 235
1758578458100 0.0008005753895929243 236
1758578458106 0.0007887845280384791 237
1758578458113 0.0007770780268133574 238
1758578458120 0.0007658343023633425 239
1758578458126 0.000754369121408852 240
1758578458133 0.0007443505138010034 241
1758578458139 0.0007316770213468514 242
1758578458146 0.000721699642356343 243
1758578458153 0.0007112038367091933 244
1758578458160 0.0007031803100621372 245
1758578458166 0.0006936147608574256 246
1758578458173 0.0006845175141337663 247
1758578458179 0.0006755931933688029 248
1758578458187 0.0006660641395830672 249
1758578458193 0.0006574901138339213 250
1758578458200 0.0006479308663351292 251
1758578458207 0.0006394186571054444 252
1758578458213 0.0006287379139816144 253
1758578458220 0.0006202976233651746 254
1758578458227 0.0006124811394024101 255
1758578458234 0.000604405706153777 256
1758578458240 0.0005965306311414684 257
1758578458255 0.000587963631226345 258
1758578458261 0.0005807028232363904 259
1758578458269 0.0005728222272672484 260
1758578458275 0.0005637190955743863 261
1758578458282 0.0005568346554634348 262
1758578458289 0.00054963199527295 263
1758578458295 0.0005429538932757641 264
1758578458303 0.0005365781573515303 265
1758578458309 0.0005289119795085501 266
1758578458316 0.0005219504491988325 267
1758578458323 0.0005154672843182213 268
1758578458330 0.0005086684424366213 269
1758578458336 0.0005025977792716478 270
1758578458343 0.0004943093423060827 271
1758578458349 0.00048733881299665207 272
1758578458356 0.00048172491247079824 273
1758578458362 0.00047431710924258696 274
1758578458369 0.00046777580247119016 275
1758578458375 0.00046201651151399846 276
1758578458382 0.00045611315534709246 277
1758578458388 0.0004506136028024238 278
1758578458394 0.00044470479153116627 279
1758578458401 0.000439369614645052 280
1758578458408 0.0004328805295866181 281
1758578458414 0.00042696943776827234 282
1758578458421 0.0004216871194701601 283
1758578458427 0.00041657037749457965 284
1758578458434 0.0004106416155315287 285
1758578458440 0.00040625427239618866 286
1758578458446 0.0004012714559657266 287
1758578458453 0.0003969170745691186 288
1758578458459 0.0003920139542519185 289
1758578458466 0.00038588386080542987 290
1758578458472 0.00038108939775544244 291
1758578458479 0.0003758874665016616 292
1758578458486 0.00037162369580848875 293
1758578458492 0.00036701507716844925 294
1758578458498 0.00036337427375793496 295
1758578458505 0.0003581793648748725 296
1758578458511 0.00035434945261699044 297
1758578458518 0.00034995717624317513 298
1758578458524 0.00034583638365094497 299
1758578458530 0.0003417019076400525 300
1758578458537 0.000337526253725353 301
1758578458543 0.00033372510337663965 302
1758578458550 0.000328726851246051 303
1758578458557 0.0003238809839117135 304
1758578458564 0.00032023447583373843 305
1758578458571 0.0003154310703359245 306
1758578458577 0.0003116704084572255 307
1758578458584 0.00030704543326879463 308
1758578458590 0.000303373307933118 309
1758578458596 0.00029971016074471747 310
1758578458603 0.0002960300336521391 311
1758578458609 0.00029128168000887625 312
1758578458616 0.0002881112110576198 313
1758578458622 0.00028425986717368944 314
1758578458629 0.00028086900573458154 315
1758578458635 0.0002768033989999454 316
1758578458641 0.0002736641808748173 317
1758578458648 0.00027053787873836484 318
1758578458654 0.0002674302564551619 319
1758578458661 0.0002640761557739144 320
1758578458667 0.000260098701664935 321
1758578458674 0.00025679733031435455 322
1758578458680 0.0002542735351856576 323
1758578458687 0.0002509306069817795 324
1758578458694 0.0002475809819627192 325
1758578458700 0.0002448986872960623 326
1758578458707 0.00024161137511663773 327
1758578458714 0.00023869402584160104 328
1758578458721 0.0002361360438632236 329
1758578458727 0.00023318460309265814 330
1758578458734 0.0002304903362493939 331
1758578458740 0.00022779986181758175 332
1758578458746 0.00022527766451546755 333
1758578458753 0.00022273895116099512 334
1758578458759 0.00022054146635444236 335
1758578458766 0.00021841269796401384 336
1758578458773 0.00021593603396393303 337
1758578458779 0.00021260259482791814 338
1758578458786 0.0002098726373386091 339
1758578458792 0.0002072887939439318 340
1758578458799 0.00020469200722371335 341
1758578458806 0.0002016891205512908 342
1758578458812 0.0001988941568491123 343
1758578458819 0.00019659334525642065 344
1758578458825 0.0001943174441312473 345
1758578458832 0.0001914101581630043 346
1758578458839 0.0001892042546548205 347
1758578458845 0.0001872702964439812 348
1758578458851 0.00018514242898414314 349
1758578458858 0.00018297415999081888 350
1758578458865 0.00018106461153474183 351
1758578458872 0.00017896421251047993 352
1758578458878 0.00017666411595121246 353
1758578458885 0.0001747610143158757 354
1758578458892 0.00017278597975620784 355
1758578458899 0.00017099217001421095 356
1758578458905 0.00016910785849667446 357
1758578458912 0.00016669858785110455 358
1758578458919 0.0001648634261146645 359
1758578458925 0.00016278881038929948 360
1758578458932 0.00016105158394799648 361
1758578458938 0.00015904742894257463 362
1758578458945 0.00015712889450698859 363
1758578458952 0.00015556639159930005 364
1758578458958 0.00015388835095808023 365
1758578458965 0.00015205052645179788 366
1758578458972 0.00015031007082721377 367
1758578458978 0.000148273166290195 368
1758578458986 0.0001466707836085294 369
1758578458992 0.00014521005931711136 370
1758578456661 0.6520020642196804 0
