1758578453584 0.945757791426677 0
1758578453587 0.9966295392937714 1
1758578453589 0.9972545670595842 2
1758578453592 0.9972783977580314 3
1758578453595 0.9972820619737007 4
1758578453598 0.9974719318710125 5
1758578453601 0.9976161464089435 6
1758578453604 0.9976186863451415 7
1758578453606 0.997639336193998 8
1758578453609 0.9978058541789725 9
1758578453612 0.9978157434217033 10
1758578453614 0.9979343370622458 11
1758578453617 0.9979360349834133 12
1758578453620 0.9979720750098641 13
1758578453622 0.997985816248728 14
1758578453625 0.9979948641739855 15
1758578453627 0.998001502972447 16
1758578453630 0.9980082163632664 17
1758578453633 0.9980124320204099 18
1758578453636 0.9980147694335022 19
1758578453639 0.99801642350272 20
1758578453641 0.998018311525281 21
1758578453644 0.9982508237924029 22
1758578453647 0.9982507229370988 23
1758578453650 0.9987697138757059 24
1758578453653 0.9990004161983644 25
1758578453656 0.999198616691383 26
1758578453658 0.999221411466843 27
1758578453661 0.9993018222388192 28
1758578453664 0.9993065065725647 29
1758578453667 0.9993142444421613 30
1758578453670 0.9993154236928575 31
1758578453673 0.9993162619321685 32
1758578453675 0.9993498503475406 33
1758578453678 0.9993495844571378 34
1758578453681 0.9993579258348563 35
1758578453684 0.9993529706314114 36
1758578453687 0.9993512228264391 37
1758578453690 0.9993560315649526 38
1758578453692 0.9993558557781367 39
1758578453695 0.9993556596518378 40
1758578453698 0.9993554501202675 41
1758578453701 0.999354258219319 42
1758578453704 0.9993575986954287 43
1758578453707 0.9993858687080517 44
1758578453709 0.9993877428530061 45
1758578453712 0.9993895611898546 46
1758578453715 0.9993831655773188 47
1758578453718 0.9993795022607566 48
1758578453721 0.999378737158837 49
1758578453724 0.9993768221568787 50
1758578453727 0.9993752335515964 51
1758578453729 0.9993754036633059 52
1758578453732 0.999373859440351 53
1758578453735 0.9993820379035815 54
1758578453738 0.9993821165602765 55
1758578453741 0.9994050740828867 56
1758578453743 0.9994045645125266 57
1758578453746 0.9994036750422951 58
1758578453749 0.9994110637038801 59
1758578453752 0.9994829962475008 60
1758578453755 0.9994810603619886 61
1758578453758 0.9994826318242528 62
1758578453761 0.9994993860168463 63
1758578453764 0.9995129895537788 64
1758578453767 0.9995252819976768 65
1758578453770 0.9995523119723738 66
1758578453773 0.9995541955989834 67
1758578453775 0.9995574122712246 68
1758578453778 0.9995793650288975 69
1758578453781 0.9995999279481239 70
1758578453785 0.9996019480126541 71
1758578453787 0.9996238298014066 72
1758578453790 0.9996240412511793 73
1758578453793 0.9996242269818643 74
1758578453796 0.999625549054389 75
1758578453800 0.9996238189214814 76
1758578453803 0.9996243783066127 77
1758578453805 0.9996266217673822 78
1758578453808 0.9996352728542317 79
1758578453811 0.9996912318161654 80
1758578453815 0.9997229804257763 81
1758578453818 0.9997216317693405 82
1758578453821 0.9997441928872873 83
1758578453823 0.9998037308319605 84
1758578453826 0.9998058222649079 85
1758578453829 0.9998099742576891 86
1758578453833 0.9998119053162889 87
1758578453836 0.9998153403007045 88
1758578453839 0.9998154412459093 89
1758578453841 0.9998163907773298 90
1758578453844 0.9998166121109371 91
1758578453847 0.9998188048174232 92
1758578453851 0.9998356167147214 93
1758578453854 0.9998385867520108 94
1758578453856 0.9998421991760059 95
1758578453859 0.9998694592344416 96
1758578453862 0.9998699107050858 97
1758578453866 0.9998888574768182 98
1758578453869 0.9998917160328382 99
1758578453872 0.9999013296013138 100
1758578453875 0.9999034574864899 101
1758578453878 0.9999004826199522 102
1758578453881 0.9998954684647856 103
1758578453885 0.99989586536824 104
1758578453888 0.9998994106841639 105
1758578453891 0.9998998997278186 106
1758578453893 0.9999015591736132 107
1758578453897 0.99990247710868 108
1758578453900 0.9999034241838173 109
1758578453903 0.9999023631538378 110
1758578453906 0.99990317135605 111
1758578453909 0.9999037469441583 112
1758578453912 0.9999079381562659 113
1758578453916 0.9999085751078138 114
1758578453919 0.9999044915943508 115
1758578453922 0.9999038977853072 116
1758578453925 0.9999047786938468 117
1758578453928 0.9999316944933535 118
1758578453931 0.9999320810229945 119
1758578453934 0.9999369601863719 120
1758578453937 0.9999371764649706 121
1758578453940 0.9999427778902512 122
1758578453943 0.9999517061510026 123
1758578453946 0.9999519381122302 124
1758578453950 0.9999541776333849 125
1758578453953 0.9999544924866157 126
1758578453956 0.9999541253272013 127
1758578453959 0.9999546242960589 128
1758578453962 0.9999547280897368 129
1758578453966 0.9999552973207938 130
1758578453969 0.9999553345209116 131
1758578453972 0.9999553065451421 132
1758578453975 0.9999532670279754 133
1758578453978 0.9999534978029713 134
1758578453982 0.9999544845050247 135
1758578453985 0.9999544714213573 136
1758578453989 0.9999546838900993 137
1758578453992 0.9999561538383712 138
1758578453995 0.9999566421626216 139
1758578453999 0.9999567523663531 140
1758578454002 0.9999582536550052 141
1758578454005 0.9999567972547431 142
1758578454008 0.9999566271505619 143
1758578454011 0.9999567322828449 144
1758578454015 0.9999568059167845 145
1758578454018 0.9999568708135408 146
1758578454022 0.9999568081555537 147
1758578454025 0.9999568136696653 148
1758578454028 0.9999598766865034 149
1758578454031 0.9999599586844172 150
1758578454034 0.9999599673385733 151
1758578454037 0.9999594569761207 152
1758578454041 0.9999594727557142 153
1758578454044 0.9999588970746482 154
1758578454047 0.9999589232975606 155
1758578454051 0.9999595183986936 156
1758578454054 0.9999595127814078 157
1758578454057 0.9999595394149596 158
1758578454060 0.9999873896933035 159
1758578454064 0.9999874328833868 160
1758578454067 0.9999872590868277 161
1758578454071 0.9999872396678977 162
1758578454074 0.999986777589358 163
1758578454077 0.9999868451493215 164
1758578454080 0.9999867547766588 165
1758578454084 0.9999866505424493 166
1758578454087 0.999986543465589 167
1758578454090 0.9999864388192609 168
1758578454094 0.999986323803706 169
1758578454097 0.9999920286707992 170
1758578454101 0.999993350018578 171
1758578454104 0.9999932458487202 172
1758578454107 0.9999931498789958 173
1758578454110 0.9999966364471332 174
1758578454114 0.9999966065302537 175
1758578454118 0.999996515587196 176
1758578454121 0.999996466103743 177
1758578454124 0.999996430903059 178
1758578454127 0.9999963090097457 179
1758578454131 0.9999963169131341 180
1758578454134 0.9999971869662453 181
1758578454137 0.9999980629918669 182
1758578454141 0.9999983315558555 183
1758578454144 0.9999982960518584 184
1758578454147 0.9999982951519064 185
1758578454151 0.9999982241482104 186
1758578454154 0.9999981912904657 187
1758578454157 0.9999984666949484 188
1758578454160 0.9999984520768331 189
1758578454164 0.9999987828448772 190
1758578454168 0.9999989833868637 191
1758578454171 0.9999989856654294 192
1758578454175 0.9999991322654257 193
1758578454178 0.9999991398131822 194
1758578454182 0.9999990938009845 195
1758578454185 0.999999239345861 196
1758578454189 0.9999995035468171 197
1758578454192 0.9999994841289704 198
1758578454195 0.9999997797982803 199
1758578454199 0.9999998798271682 200
1758578454202 0.9999998750450148 201
1758578454206 0.9999998742926602 202
1758578454209 0.9999998903879483 203
1758578454212 0.9999998984264766 204
1758578454216 0.9999999014303929 205
1758578454220 0.9999999212902723 206
1758578454223 0.9999999210335864 207
1758578454226 0.9999999418791556 208
1758578454230 0.9999999456408791 209
1758578454233 0.9999999473923082 210
1758578454237 0.9999999491461017 211
1758578454240 0.9999999521472226 212
1758578454243 0.9999999536461408 213
1758578454247 0.9999999558973829 214
1758578454250 0.9999999579023509 215
1758578454254 0.9999999586530692 216
1758578454257 0.999999960656177 217
1758578454260 0.999999961407014 218
1758578454264 0.9999999619071176 219
1758578454268 0.9999999636629836 220
1758578454271 0.9999999649140985 221
1758578454275 0.9999999664168224 222
1758578454278 0.9999999666669493 223
1758578454282 0.999999967167897 224
1758578454286 0.9999999684193362 225
1758578454289 0.9999999686695106 226
1758578454293 0.9999999691705216 227
1758578454296 0.9999999694213582 228
1758578454300 0.9999999706736498 229
1758578454304 0.9999999716758144 230
1758578454307 0.9999999716758144 231
1758578454310 0.9999999769323042 232
1758578454314 0.9999999771827004 233
1758578454318 0.9999999781848127 234
1758578454321 0.9999999791874529 235
1758578454325 0.9999999806910836 236
1758578454328 0.9999999811920424 237
1758578454332 0.9999999826958952 238
1758578454335 0.9999999841999065 239
1758578454338 0.9999999841999065 240
1758578454342 0.9999999849519718 241
1758578454345 0.9999999857037075 242
1758578454349 0.9999999869570885 243
1758578454353 0.9999999884612623 244
1758578454357 0.9999999887119281 245
1758578454360 0.9999999889626019 246
1758578454364 0.9999999894642552 247
1758578454368 0.9999999894642552 248
1758578454371 0.9999999899656424 249
1758578454375 0.9999999909687626 250
1758578454378 0.9999999909687626 251
1758578454382 0.9999999909687626 252
1758578454386 0.9999999914702292 253
1758578454389 0.9999999919717276 254
1758578454393 0.9999999924732577 255
1758578454396 0.9999999929750222 256
1758578454400 0.9999999929750222 257
1758578454404 0.9999999929750222 258
1758578454407 0.9999999929750222 259
1758578454411 0.9999999929750222 260
1758578454415 0.9999999934766001 261
1758578454419 0.9999999942290264 262
1758578454423 0.9999999942290264 263
1758578454427 0.9999999949816791 264
1758578454431 0.9999999952325196 265
1758578454434 0.9999999952325196 266
1758578454438 0.9999999957342246 267
1758578454441 0.9999999959850889 268
1758578454445 0.999999996988626 269
1758578454448 0.99999999723953 270
1758578454452 0.9999999974904421 271
1758578454456 0.9999999974904421 272
1758578454460 0.9999999974904421 273
1758578454464 0.9999999979922901 274
1758578454469 0.999999998243226 275
1758578454472 0.9999999984941698 276
1758578454476 0.9999999987451216 277
1758578454480 0.9999999987451216 278
1758578454484 0.9999999987451216 279
1758578454488 0.9999999987451216 280
1758578454491 0.9999999987451216 281
1758578454495 0.9999999987451216 282
1758578454500 0.9999999987451216 283
1758578454504 0.9999999987451216 284
1758578454508 0.9999999989960814 285
1758578454511 0.9999999989960814 286
1758578454516 0.9999999992470492 287
1758578454520 0.9999999992470492 288
1758578454524 0.9999999992470492 289
1758578454528 0.9999999992470492 290
1758578454532 0.9999999992470492 291
1758578454536 0.9999999997490084 292
1758578454540 0.9999999997490084 293
1758578454544 0.9999999997490084 294
1758578454548 1.0 295
1758578454552 1.0 296
1758578454557 1.0 297
1758578454560 1.0 298
1758578454564 1.0 299
1758578454570 1.0 300
1758578454574 1.0 301
1758578454578 1.0 302
1758578454582 1.0 303
1758578454587 1.0 304
1758578454590 1.0 305
1758578454594 1.0 306
1758578454598 1.0 307
1758578454603 1.0 308
1758578454607 1.0 309
1758578454611 1.0 310
1758578454616 1.0 311
1758578454621 1.0 312
1758578454625 1.0 313
1758578454629 1.0 314
1758578454633 1.0 315
1758578454637 1.0 316
1758578454642 1.0 317
1758578454646 1.0 318
1758578454652 1.0 319
1758578454656 1.0 320
1758578454662 1.0 321
1758578454667 1.0 322
1758578454671 1.0 323
1758578454676 1.0 324
1758578454680 1.0 325
1758578454685 1.0 326
1758578454690 1.0 327
1758578454694 1.0 328
1758578454698 1.0 329
1758578454703 1.0 330
1758578454708 1.0 331
1758578454711 1.0 332
1758578454716 1.0 333
1758578454720 1.0 334
1758578454725 1.0 335
1758578454728 1.0 336
1758578454733 1.0 337
1758578454737 1.0 338
1758578454741 1.0 339
1758578454745 1.0 340
1758578454750 1.0 341
1758578454754 1.0 342
1758578454758 1.0 343
1758578454762 1.0 344
1758578454767 1.0 345
1758578454771 1.0 346
1758578454775 1.0 347
1758578454779 1.0 348
1758578454784 1.0 349
1758578454788 1.0 350
1758578454792 1.0 351
1758578454796 1.0 352
1758578454800 1.0 353
1758578454805 1.0 354
1758578454808 1.0 355
1758578454812 1.0 356
1758578454817 1.0 357
1758578454821 1.0 358
1758578454825 1.0 359
1758578454829 1.0 360
1758578454833 1.0 361
1758578454837 1.0 362
1758578454841 1.0 363
1758578454845 1.0 364
1758578454850 1.0 365
1758578454854 1.0 366
1758578454858 1.0 367
1758578454862 1.0 368
1758578454867 1.0 369
1758578454871 1.0 370
1758578453584 0.945757791426677 0
