1758578367992 0.945757791426677 0
1758578368000 0.9966295392937714 1
1758578368003 0.9972545670595842 2
1758578368006 0.9972783977580314 3
1758578368008 0.9972820619737007 4
1758578368011 0.9974719318710125 5
1758578368016 0.9976161464089435 6
1758578368019 0.9976186863451415 7
1758578368023 0.997639336193998 8
1758578368026 0.9978058541789725 9
1758578368029 0.9978157434217033 10
1758578368034 0.9979343370622458 11
1758578368037 0.9979360349834133 12
1758578368039 0.9979720750098641 13
1758578368042 0.997985816248728 14
1758578368045 0.9979948641739855 15
1758578368049 0.998001502972447 16
1758578368053 0.9980082163632664 17
1758578368056 0.9980124320204099 18
1758578368059 0.9980147694335022 19
1758578368061 0.99801642350272 20
1758578368065 0.998018311525281 21
1758578368069 0.9982508237924029 22
1758578368072 0.9982507229370988 23
1758578368075 0.9987697138757059 24
1758578368077 0.9990004161983644 25
1758578368081 0.999198616691383 26
1758578368084 0.999221411466843 27
1758578368087 0.9993018222388192 28
1758578368090 0.9993065065725647 29
1758578368093 0.9993142444421613 30
1758578368096 0.9993154236928575 31
1758578368099 0.9993162619321685 32
1758578368102 0.9993498503475406 33
1758578368105 0.9993495844571378 34
1758578368109 0.9993579258348563 35
1758578368112 0.9993529706314114 36
1758578368116 0.9993512228264391 37
1758578368119 0.9993560315649526 38
1758578368123 0.9993558557781367 39
1758578368125 0.9993556596518378 40
1758578368128 0.9993554501202675 41
1758578368133 0.999354258219319 42
1758578368136 0.9993575986954287 43
1758578368139 0.9993858687080517 44
1758578368142 0.9993877428530061 45
1758578368145 0.9993895611898546 46
1758578368148 0.9993831655773188 47
1758578368151 0.9993795022607566 48
1758578368154 0.999378737158837 49
1758578368157 0.9993768221568787 50
1758578368160 0.9993752335515964 51
1758578368164 0.9993754036633059 52
1758578368168 0.999373859440351 53
1758578368171 0.9993820379035815 54
1758578368174 0.9993821165602765 55
1758578368177 0.9994050740828867 56
1758578368181 0.9994045645125266 57
1758578368184 0.9994036750422951 58
1758578368187 0.9994110637038801 59
1758578368190 0.9994829962475008 60
1758578368193 0.9994810603619886 61
1758578368198 0.9994826318242528 62
1758578368201 0.9994993860168463 63
1758578368204 0.9995129895537788 64
1758578368207 0.9995252819976768 65
1758578368210 0.9995523119723738 66
1758578368214 0.9995541955989834 67
1758578368217 0.9995574122712246 68
1758578368220 0.9995793650288975 69
1758578368223 0.9995999279481239 70
1758578368226 0.9996019480126541 71
1758578368229 0.9996238298014066 72
1758578368233 0.9996240412511793 73
1758578368237 0.9996242269818643 74
1758578368240 0.999625549054389 75
1758578368243 0.9996238189214814 76
1758578368247 0.9996243783066127 77
1758578368250 0.9996266217673822 78
1758578368253 0.9996352728542317 79
1758578368256 0.9996912318161654 80
1758578368259 0.9997229804257763 81
1758578368263 0.9997216317693405 82
1758578368267 0.9997441928872873 83
1758578368270 0.9998037308319605 84
1758578368273 0.9998058222649079 85
1758578368277 0.9998099742576891 86
1758578368280 0.9998119053162889 87
1758578368284 0.9998153403007045 88
1758578368288 0.9998154412459093 89
1758578368291 0.9998163907773298 90
1758578368294 0.9998166121109371 91
1758578368298 0.9998188048174232 92
1758578368302 0.9998356167147214 93
1758578368305 0.9998385867520108 94
1758578368308 0.9998421991760059 95
1758578368310 0.9998694592344416 96
1758578368314 0.9998699107050858 97
1758578368317 0.9998888574768182 98
1758578368320 0.9998917160328382 99
1758578368323 0.9999013296013138 100
1758578368327 0.9999034574864899 101
1758578368331 0.9999004826199522 102
1758578368334 0.9998954684647856 103
1758578368337 0.99989586536824 104
1758578368341 0.9998994106841639 105
1758578368345 0.9998998997278186 106
1758578368349 0.9999015591736132 107
1758578368352 0.99990247710868 108
1758578368356 0.9999034241838173 109
1758578368360 0.9999023631538378 110
1758578368364 0.99990317135605 111
1758578368367 0.9999037469441583 112
1758578368370 0.9999079381562659 113
1758578368374 0.9999085751078138 114
1758578368378 0.9999044915943508 115
1758578368381 0.9999038977853072 116
1758578368385 0.9999047786938468 117
1758578368388 0.9999316944933535 118
1758578368391 0.9999320810229945 119
1758578368395 0.9999369601863719 120
1758578368399 0.9999371764649706 121
1758578368402 0.9999427778902512 122
1758578368405 0.9999517061510026 123
1758578368410 0.9999519381122302 124
1758578368413 0.9999541776333849 125
1758578368417 0.9999544924866157 126
1758578368420 0.9999541253272013 127
1758578368423 0.9999546242960589 128
1758578368427 0.9999547280897368 129
1758578368431 0.9999552973207938 130
1758578368435 0.9999553345209116 131
1758578368438 0.9999553065451421 132
1758578368442 0.9999532670279754 133
1758578368446 0.9999534978029713 134
1758578368449 0.9999544845050247 135
1758578368453 0.9999544714213573 136
1758578368456 0.9999546838900993 137
1758578368460 0.9999561538383712 138
1758578368464 0.9999566421626216 139
1758578368467 0.9999567523663531 140
1758578368470 0.9999582536550052 141
1758578368473 0.9999567972547431 142
1758578368478 0.9999566271505619 143
1758578368482 0.9999567322828449 144
1758578368485 0.9999568059167845 145
1758578368488 0.9999568708135408 146
1758578368492 0.9999568081555537 147
1758578368496 0.9999568136696653 148
1758578368500 0.9999598766865034 149
1758578368503 0.9999599586844172 150
1758578368507 0.9999599673385733 151
1758578368511 0.9999594569761207 152
1758578368514 0.9999594727557142 153
1758578368518 0.9999588970746482 154
1758578368521 0.9999589232975606 155
1758578368525 0.9999595183986936 156
1758578368529 0.9999595127814078 157
1758578368532 0.9999595394149596 158
1758578368536 0.9999873896933035 159
1758578368539 0.9999874328833868 160
1758578368544 0.9999872590868277 161
1758578368547 0.9999872396678977 162
1758578368551 0.999986777589358 163
1758578368554 0.9999868451493215 164
1758578368558 0.9999867547766588 165
1758578368562 0.9999866505424493 166
1758578368565 0.999986543465589 167
1758578368568 0.9999864388192609 168
1758578368572 0.999986323803706 169
1758578368577 0.9999920286707992 170
1758578368581 0.999993350018578 171
1758578368584 0.9999932458487202 172
1758578368588 0.9999931498789958 173
1758578368591 0.9999966364471332 174
1758578368594 0.9999966065302537 175
1758578368598 0.999996515587196 176
1758578368601 0.999996466103743 177
1758578368605 0.999996430903059 178
1758578368609 0.9999963090097457 179
1758578368613 0.9999963169131341 180
1758578368617 0.9999971869662453 181
1758578368621 0.9999980629918669 182
1758578368625 0.9999983315558555 183
1758578368629 0.9999982960518584 184
1758578368633 0.9999982951519064 185
1758578368637 0.9999982241482104 186
1758578368640 0.9999981912904657 187
1758578368643 0.9999984666949484 188
1758578368647 0.9999984520768331 189
1758578368652 0.9999987828448772 190
1758578368655 0.9999989833868637 191
1758578368658 0.9999989856654294 192
1758578368662 0.9999991322654257 193
1758578368666 0.9999991398131822 194
1758578368670 0.9999990938009845 195
1758578367992 0.945757791426677 0
