1758578369505 0.6520020642196804 0
1758578369509 0.6087382047591221 1
1758578369514 0.569316837229132 2
1758578369519 0.5333582394565235 3
1758578369524 0.5005105999076701 4
1758578369528 0.4700770136538741 5
1758578369534 0.44185239460839953 6
1758578369538 0.4159722755363762 7
1758578369542 0.3918140472157041 8
1758578369547 0.3693931354418431 9
1758578369552 0.3485858295044017 10
1758578369556 0.3289429761236063 11
1758578369561 0.31327401302473756 12
1758578369566 0.2960351675888037 13
1758578369571 0.2798967414505655 14
1758578369575 0.2648294574231099 15
1758578369580 0.2506887134671705 16
1758578369585 0.23741397172460343 17
1758578369590 0.22500514863920462 18
1758578369595 0.2133265767396727 19
1758578369601 0.20234642704295397 20
1758578369606 0.19202208770029228 21
1758578369610 0.18224192994092417 22
1758578369615 0.1730860206149434 23
1758578369620 0.165716325435167 24
1758578369624 0.15845154992586447 25
1758578369629 0.1516186913842814 26
1758578369635 0.144153489308514 27
1758578369639 0.1371217060424331 28
1758578369643 0.1304818636742401 29
1758578369649 0.12422594248066665 30
1758578369654 0.11827591762389314 31
1758578369658 0.11263886774949844 32
1758578369662 0.10790741478280698 33
1758578369667 0.10283606131653854 34
1758578369672 0.09803950516832587 35
1758578369677 0.0934974358612147 36
1758578369682 0.08917764360031999 37
1758578369687 0.08513421758692714 38
1758578369691 0.0812819084718749 39
1758578369696 0.07763788769816822 40
1758578369702 0.07416977198188096 41
1758578369706 0.07089467722545692 42
1758578369711 0.06773985354401649 43
1758578369716 0.06478644260183788 44
1758578369721 0.06198827534593786 45
1758578369725 0.059320162171705895 46
1758578369731 0.05678613590034022 47
1758578369736 0.05438164461175513 48
1758578369740 0.05206721223127753 49
1758578369745 0.049876718782753265 50
1758578369750 0.04782530689078065 51
1758578369755 0.04586211107083057 52
1758578369759 0.04398127678070135 53
1758578369764 0.04223508243598693 54
1758578369770 0.0405630530847657 55
1758578369774 0.03916283701198679 56
1758578369779 0.03762504590058162 57
1758578369785 0.03616728799106398 58
1758578369789 0.03475417879320638 59
1758578369793 0.033432226748911525 60
1758578369799 0.03220903166993443 61
1758578369804 0.030996294651906484 62
1758578369808 0.02985327785160438 63
1758578369813 0.028756005364732974 64
1758578369818 0.02770821496295897 65
1758578369823 0.02672467154111359 66
1758578369828 0.02577405405561509 67
1758578369833 0.02502459991389978 68
1758578369838 0.024136000608011302 69
1758578369843 0.023271194040713178 70
1758578369848 0.022475080255280895 71
1758578369853 0.02171842765554392 72
1758578369858 0.02101797759667358 73
1758578369863 0.020325308676746968 74
1758578369869 0.01966478686818135 75
1758578369873 0.0191020855040722 76
1758578369878 0.01848904926113738 77
1758578369883 0.017910341333348595 78
1758578369888 0.017334932083291132 79
1758578369892 0.016864008570422563 80
1758578369897 0.016347272111832265 81
1758578369903 0.015864312841467422 82
1758578369907 0.01539445703635409 83
1758578369912 0.01492741113624072 84
1758578369918 0.014500679347658101 85
1758578369922 0.014080162924633741 86
1758578369927 0.0136860889308335 87
1758578369932 0.013278978475030222 88
1758578369937 0.012912275919820816 89
1758578369942 0.012573019188464934 90
1758578369947 0.012238166406275284 91
1758578369952 0.01187273044086045 92
1758578369957 0.011532145836909561 93
1758578369961 0.011216284775050997 94
1758578369967 0.010897809085886036 95
1758578369972 0.010614402506503364 96
1758578369976 0.010329526914155458 97
1758578369982 0.010054832019122308 98
1758578369987 0.009784022373542672 99
1758578369992 0.009559490552761538 100
1758578369997 0.009321226083005124 101
1758578370003 0.009117110432691212 102
1758578370008 0.008878369482054524 103
1758578370013 0.00867792752580276 104
1758578370018 0.008464728136987594 105
1758578370023 0.008224811817643632 106
1758578370028 0.00801698757016008 107
1758578370040 0.007851022978682001 108
1758578370045 0.007632481928044314 109
1758578370051 0.007435286929831766 110
1758578370056 0.007259430421025514 111
1758578370060 0.0070899484021588926 112
1758578370066 0.006926303035926182 113
1758578370071 0.006756281843402123 114
1758578370076 0.006591107437807249 115
1758578370081 0.00646652201216084 116
1758578370087 0.006346804875246457 117
1758578370092 0.006197880907158718 118
1758578370097 0.006049339148620631 119
1758578370102 0.005930173418390267 120
1758578370107 0.005784027227391903 121
1758578370112 0.005644440037043546 122
1758578370117 0.005500742257018319 123
1758578370123 0.005376982090186808 124
1758578370127 0.00523737553905734 125
1758578370133 0.005128458292831496 126
1758578370138 0.005008813329199615 127
1758578370143 0.004897576696149094 128
1758578370149 0.004789366317967886 129
1758578370154 0.004693309153389703 130
1758578370160 0.004593077759945497 131
1758578370165 0.0044973500570752965 132
1758578370170 0.0044095446804621454 133
1758578370175 0.004316997609611972 134
1758578370180 0.0042347294570590594 135
1758578370185 0.004146155567286437 136
1758578370190 0.004076051365416911 137
1758578370195 0.003992298076458538 138
1758578370201 0.003907452046466524 139
1758578370206 0.003835009527800512 140
1758578370211 0.003755283381959717 141
1758578370217 0.0036906602989678775 142
1758578370222 0.0036223103069995006 143
1758578370227 0.00355680375025455 144
1758578370232 0.0034921566540316116 145
1758578370237 0.003426972144934334 146
1758578370242 0.0033626165990071097 147
1758578370248 0.003297919221100864 148
1758578370253 0.003236801058253182 149
1758578370258 0.0031851139592480784 150
1758578370263 0.00313118378385014 151
1758578370269 0.003077499692706119 152
1758578370274 0.003018432637984069 153
1758578370280 0.0029663684225883845 154
1758578370285 0.0029107267261006533 155
1758578370290 0.002860846327796967 156
1758578370295 0.002810641563166424 157
1758578370301 0.0027586837917802287 158
1758578370306 0.002709047940735652 159
1758578370311 0.0026564505436764466 160
1758578370317 0.0026143922426412483 161
1758578370322 0.002574517582439961 162
1758578370327 0.0025302975331370804 163
1758578370333 0.0024876234238461964 164
1758578370339 0.0024481567650423298 165
1758578370344 0.0024114745938978144 166
1758578370349 0.0023695943095397515 167
1758578370354 0.0023248545348408508 168
1758578370359 0.002285373130595747 169
1758578370365 0.002246258265277495 170
1758578370371 0.0022134231578180277 171
1758578370376 0.002175331925309696 172
1758578370381 0.0021381008352496333 173
1758578370386 0.0021052663932044097 174
1758578370391 0.0020671947463043916 175
1758578370396 0.0020359920166708695 176
1758578370402 0.002007203465815403 177
1758578370407 0.0019753052762142144 178
1758578370412 0.001944891109809819 179
1758578370418 0.0019053642735040286 180
1758578370424 0.0018741570081306294 181
1758578370429 0.001843962022326053 182
1758578370434 0.0018147810341594024 183
1758578370439 0.0017867710437210616 184
1758578370444 0.0017559493185043131 185
1758578370450 0.0017236826030530032 186
1758578370455 0.0016970436550067108 187
1758578370461 0.001670890006330237 188
1758578370466 0.001646635035124145 189
1758578370472 0.0016198970669554118 190
1758578370477 0.0015942558307445922 191
1758578370483 0.0015685972161707579 192
1758578370488 0.0015452355296697669 193
1758578370493 0.0015210970901573452 194
1758578370498 0.0015008528269026397 195
1758578369505 0.6520020642196804 0
