1758578126120 0.01179851630282589 0
1758578126124 0.0041496333859767556 1
1758578126129 0.0036908232564962064 2
1758578126133 0.0034040112325773005 3
1758578126136 0.0031872580427960945 4
1758578126140 0.003026720552123086 5
1758578126147 0.002879717915811207 6
1758578126150 0.0027373370763519593 7
1758578126155 0.002625922272815657 8
1758578126158 0.0025119708943580534 9
1758578126162 0.0024090332523231156 10
1758578126165 0.002304822000039446 11
1758578126168 0.002237629669958414 12
1758578126173 0.0021586892516606707 13
1758578126176 0.0020770920037379123 14
1758578126180 0.0019953409596611214 15
1758578126183 0.0019042065603422727 16
1758578126188 0.0018332630109263788 17
1758578126191 0.00177051591346329 18
1758578126195 0.0017236071130293975 19
1758578126198 0.0016666873783703527 20
1758578126202 0.0016186956915357738 21
1758578126206 0.0015693777902183283 22
1758578126210 0.0015232669504926266 23
1758578126213 0.0014763857669020488 24
1758578126217 0.0014315801875486322 25
1758578126222 0.0013936131098498752 26
1758578126226 0.0013571077306135885 27
1758578126230 0.0013142227464141574 28
1758578126233 0.0012784562193272403 29
1758578126238 0.00123699387232235 30
1758578126242 0.0011987115572186188 31
1758578126246 0.0011630942623828593 32
1758578126250 0.001103953379479894 33
1758578126253 0.001074282860950012 34
1758578126257 0.0010435192248798174 35
1758578126261 0.0009867368175653028 36
1758578126264 0.0009547940223699223 37
1758578126268 0.0009249027788523859 38
1758578126272 0.0008999626948320058 39
1758578126275 0.0008734862982237485 40
1758578126279 0.0008530102232869477 41
1758578126283 0.0008306034646920262 42
1758578126286 0.000808721493123554 43
1758578126290 0.0007901775318903436 44
1758578126294 0.0007657700174134668 45
1758578126297 0.0007425218283372639 46
1758578126301 0.000721126484657342 47
1758578126304 0.0007060420359994771 48
1758578126307 0.0006907430006188421 49
1758578126311 0.0006741886057019833 50
1758578126315 0.0006540000980795618 51
1758578126319 0.0006384315599447358 52
1758578126322 0.0006241470532989386 53
1758578126326 0.0006095481682374188 54
1758578126120 0.01179851630282589 0
