1758578125761 0.1601971818328965 0
1758578125763 0.3241084147295782 1
1758578125766 0.5153000206518865 2
1758578125771 0.585144320069474 3
1758578125774 0.6143988619982879 4
1758578125777 0.6819788655099842 5
1758578125780 0.70023944151838 6
1758578125782 0.7241145719150138 7
1758578125785 0.7346129760112428 8
1758578125787 0.7504841659872667 9
1758578125791 0.7613441083584599 10
1758578125794 0.7742489624200737 11
1758578125797 0.7859366529184634 12
1758578125800 0.8066657603408676 13
1758578125802 0.8277780129701615 14
1758578125805 0.8415614297743873 15
1758578125808 0.8542972401094435 16
1758578125811 0.8631487434438079 17
1758578125814 0.8737010537768786 18
1758578125817 0.8783927218049767 19
1758578125820 0.8868285100376445 20
1758578125823 0.8927635141820831 21
1758578125826 0.8969547452770329 22
1758578125829 0.901449579848892 23
1758578125832 0.9072023173033396 24
1758578125834 0.918264613300463 25
1758578125837 0.9210543367115579 26
1758578125841 0.9244567122176716 27
1758578125844 0.9286148734815314 28
1758578125853 0.931805122605498 29
1758578125856 0.9381967405129401 30
1758578125859 0.9393322959298142 31
1758578125862 0.9425202186730331 32
1758578125865 0.9490937219469967 33
1758578125867 0.9509135502175401 34
1758578125870 0.9551967039190771 35
1758578125873 0.9645738933614301 36
1758578125876 0.9688432600865419 37
1758578125879 0.9729031511256936 38
1758578125882 0.9749911169943302 39
1758578125884 0.9783903892704815 40
1758578125888 0.9797334885049466 41
1758578125891 0.9798319630596606 42
1758578125894 0.979985184559564 43
1758578125897 0.9793546675356043 44
1758578125899 0.9818705859456438 45
1758578125902 0.9839157065547632 46
1758578125905 0.9873141726560426 47
1758578125908 0.9879703674026319 48
1758578125911 0.9879703674026319 49
1758578125914 0.989554861447422 50
1758578125917 0.9902929986922279 51
1758578125920 0.9907773333466444 52
1758578125924 0.9916075140948579 53
1758578125927 0.9927714553053263 54
1758578125761 0.1601971818328965 0
