1758578262048 0.6480102321285008 0
1758578262052 0.607399795206069 1
1758578262056 0.570162313860257 2
1758578262061 0.536090059618018 3
1758578262066 0.5051735544273427 4
1758578262070 0.489897893576397 5
1758578262074 0.4623244994806918 6
1758578262079 0.437324405263833 7
1758578262083 0.4138360239384533 8
1758578262087 0.39228944985094966 9
1758578262092 0.372436312067191 10
1758578262097 0.35362508842671014 11
1758578262101 0.3357889881639113 12
1758578262105 0.3272170008673677 13
1758578262109 0.31105785317897156 14
1758578262114 0.2960208821823746 15
1758578262118 0.28894225709799454 16
1758578262122 0.2752597371472322 17
1758578262127 0.2624590838737048 18
1758578262132 0.2503110836946272 19
1758578262136 0.24483059693934703 20
1758578262140 0.23378374603297442 21
1758578262145 0.22340969364769542 22
1758578262150 0.2188303190632836 23
1758578262154 0.20933749087528214 24
1758578262159 0.2003947118363709 25
1758578262164 0.1920031076427676 26
1758578262169 0.1841134795767908 27
1758578262173 0.18064751135138146 28
1758578262179 0.17322801895125137 29
1758578262183 0.16639984691967707 30
1758578262187 0.15997776502852518 31
1758578262192 0.15375899298532208 32
1758578262197 0.14790614953586106 33
1758578262202 0.14249706089318473 34
1758578262206 0.13734904050792865 35
1758578262211 0.1351493230542243 36
1758578262216 0.13028893952942555 37
1758578262220 0.12572332273546866 38
1758578262225 0.1214648821529909 39
1758578262231 0.11741774901755722 40
1758578262236 0.11361062191735913 41
1758578262241 0.10999061313534916 42
1758578262247 0.10658741102662991 43
1758578262252 0.10338302014031008 44
1758578262257 0.1016103290209676 45
1758578262263 0.09858336414719898 46
1758578262268 0.09573680981136792 47
1758578262273 0.0929981040849402 48
1758578262278 0.09044827888106924 49
1758578262282 0.08750978895658254 50
1758578262286 0.08515569460294836 51
1758578262292 0.08260135423323002 52
1758578262297 0.08047119617215538 53
1758578262301 0.07828325343588054 54
1758578262306 0.0763654678248853 55
1758578262311 0.07450568781282292 56
1758578262316 0.07234041236049324 57
1758578262320 0.07069002323842302 58
1758578262325 0.06883714303636437 59
1758578262329 0.06703480787217553 60
1758578262334 0.06539170156107488 61
1758578262340 0.06383706009265253 62
1758578262344 0.0625204173982449 63
1758578262349 0.061075704448649834 64
1758578262353 0.0597994893126283 65
1758578262358 0.05839343159879491 66
1758578262363 0.057291526154326214 67
1758578262367 0.05614770204915601 68
1758578262372 0.05505480927884753 69
1758578262376 0.05405342411171691 70
1758578262381 0.05294853345014791 71
1758578262386 0.05188584066708284 72
1758578262391 0.05089699577235125 73
1758578262396 0.05005768995951 74
1758578262400 0.04911965210500212 75
1758578262406 0.04817240198712165 76
1758578262411 0.0473028588378168 77
1758578262416 0.04644932109093142 78
1758578262420 0.04565139690562756 79
1758578262426 0.04487278163736415 80
1758578262431 0.044152772370734845 81
1758578262435 0.04347125675278161 82
1758578262440 0.0427710769402211 83
1758578262445 0.042103907940852975 84
1758578262450 0.04148238433621728 85
1758578262454 0.0408567042615629 86
1758578262460 0.04031464409740698 87
1758578262464 0.03990104572144971 88
1758578262469 0.039302802185447794 89
1758578262475 0.03872927217902268 90
1758578262480 0.03821196610311499 91
1758578262485 0.03774867003209212 92
1758578262491 0.03720695057118566 93
1758578262496 0.03674095639541145 94
1758578262500 0.0361620817969557 95
1758578262506 0.03569225499633393 96
1758578262511 0.035262907136974546 97
1758578262516 0.03488604812048738 98
1758578262521 0.034391911882979034 99
1758578262526 0.03392437261739054 100
1758578262531 0.0335512179998395 101
1758578262536 0.03318931728349327 102
1758578262541 0.032831324695314364 103
1758578262547 0.0324925505554679 104
1758578262552 0.03210350273128697 105
1758578262557 0.03174419812158835 106
1758578262566 0.031395023520958305 107
1758578262572 0.031064457135460577 108
1758578262577 0.030783838057562813 109
1758578262582 0.03048513002842942 110
1758578262587 0.030180953945241385 111
1758578262591 0.029793337466964435 112
1758578262596 0.029489355966725174 113
1758578262601 0.029212897238305485 114
1758578262609 0.028923563382901526 115
1758578262617 0.028595807250706533 116
1758578262622 0.028333678879179536 117
1758578262626 0.028071094380313685 118
1758578262631 0.027802487659304945 119
1758578262636 0.027570585649060588 120
1758578262641 0.027266677039624546 121
1758578262645 0.02700307102047731 122
1758578262650 0.026788856789254686 123
1758578262655 0.026553772623359215 124
1758578262660 0.026347075370543697 125
1758578262664 0.0261236106143283 126
1758578262669 0.025864146634019494 127
1758578262674 0.025653298722903856 128
1758578262679 0.025455213466173153 129
1758578262684 0.02527587422434848 130
1758578262689 0.02503483970988502 131
1758578262693 0.02483704142357422 132
1758578262699 0.024591176626510836 133
1758578262703 0.024399723525214797 134
1758578262708 0.02418841876593207 135
1758578262713 0.0239831318287303 136
1758578262720 0.023762935077147912 137
1758578262725 0.023599282636157213 138
1758578262730 0.023462587679736177 139
1758578262736 0.023301759179604205 140
1758578262741 0.02314744075208303 141
1758578262746 0.022959320383936506 142
1758578262751 0.022783031946928715 143
1758578262048 0.6480102321285008 0
