1758578224438 0.0077058956171661384 0
1758578224442 0.006928208120922772 1
1758578224447 0.006390303040082271 2
1758578224451 0.0060252488154627195 3
1758578224455 0.005718042539892993 4
1758578224460 0.005513514774439782 5
1758578224464 0.0052915862597765345 6
1758578224469 0.005100992604676746 7
1758578224473 0.004916744797327 8
1758578224478 0.004765985343288757 9
1758578224482 0.004616187052254125 10
1758578224488 0.004492944683720126 11
1758578224492 0.004372818792751168 12
1758578224498 0.004263802671123485 13
1758578224508 0.0041629243656040316 14
1758578224513 0.004059938043312776 15
1758578224517 0.00396835872797969 16
1758578224522 0.0038553282256831322 17
1758578224526 0.0037718176546324036 18
1758578224531 0.003677933694306309 19
1758578224535 0.003607533497655797 20
1758578224539 0.003537090165540021 21
1758578224543 0.003463609812870597 22
1758578224549 0.0034049070306427258 23
1758578224553 0.00334482805403439 24
1758578224557 0.00328698767669168 25
1758578224563 0.0032064719817260796 26
1758578224568 0.003143427076008952 27
1758578224572 0.003083849793818926 28
1758578224575 0.0030276419074748424 29
1758578224580 0.0029755407259333543 30
1758578224585 0.0029090288020749188 31
1758578224589 0.0028526801248451063 32
1758578224594 0.0028111257239905336 33
1758578224598 0.0027635916370017314 34
1758578224602 0.0026848448640696466 35
1758578224607 0.00264973007867611 36
1758578224611 0.002586170090480044 37
1758578224615 0.002520275978229756 38
1758578224620 0.0024744222244263816 39
1758578224625 0.002432508541880185 40
1758578224629 0.002397692463833368 41
1758578224633 0.0023580176882960473 42
1758578224638 0.002326725742289844 43
1758578224643 0.00229091651913268 44
1758578224647 0.0022515242424914254 45
1758578224651 0.0022180514991510824 46
1758578224656 0.0021579463989329453 47
1758578224660 0.002082771474230855 48
1758578224665 0.0020574117588998196 49
1758578224669 0.002024034462978304 50
1758578224674 0.00199075647193629 51
1758578224678 0.001963832548235439 52
1758578224683 0.0019346473906012578 53
1758578224687 0.0019108981124923363 54
1758578224692 0.001885811490942048 55
1758578224696 0.0018560398777284516 56
1758578224700 0.0018301373085805967 57
1758578224705 0.0018096088892159275 58
1758578224710 0.0017823465388819711 59
1758578224714 0.0017605861853929405 60
1758578224718 0.0017324933618917604 61
1758578224722 0.0017119706298707245 62
1758578224727 0.0016910984172504783 63
1758578224732 0.0016726556324037868 64
1758578224736 0.001654255673065279 65
1758578224741 0.001635796772387181 66
1758578224746 0.0016186668643821294 67
1758578224751 0.001597716296988296 68
1758578224756 0.00158204385283383 69
1758578224761 0.0015664075465763802 70
1758578224765 0.0015452256634316992 71
1758578224769 0.0015256899374895105 72
1758578224774 0.0015052166369944836 73
1758578224778 0.0014801131689394249 74
1758578224783 0.0014638324304329718 75
1758578224788 0.001448928905918576 76
1758578224793 0.0014350918593061903 77
1758578224797 0.0014169538018829594 78
1758578224801 0.0014038882039778 79
1758578224805 0.0013854626378889728 80
1758578224811 0.0013734617472272244 81
1758578224815 0.0013609138723253813 82
1758578224819 0.001347332694365007 83
1758578224824 0.0013298738380269621 84
1758578224829 0.0013110795178031011 85
1758578224834 0.0012923796457234608 86
1758578224838 0.0012792967731615394 87
1758578224843 0.0012636908432458991 88
1758578224848 0.0012518357028658933 89
1758578224852 0.001237941563724073 90
1758578224856 0.0012275229712429491 91
1758578224862 0.0012124673657224882 92
1758578224867 0.0012020762939943409 93
1758578224871 0.0011896927340241466 94
1758578224876 0.0011801189303846146 95
1758578224881 0.001168027284534752 96
1758578224885 0.0011555125929521696 97
1758578224890 0.0011427833928668 98
1758578224894 0.0011350584379989852 99
1758578224899 0.0011189557717692685 100
1758578224903 0.0011120564973837272 101
1758578224908 0.0011037592830163508 102
1758578224912 0.0010936137171300602 103
1758578224918 0.0010844725649988396 104
1758578224922 0.001073454252488061 105
1758578224927 0.0010614360283521286 106
1758578224932 0.0010519581585462213 107
1758578224937 0.0010392059499604136 108
1758578224941 0.0010316269962490048 109
1758578224946 0.0010206099040449541 110
1758578224951 0.0010126536269021117 111
1758578224955 0.0010070615398139037 112
1758578224960 0.0009972574207809048 113
1758578224965 0.000987639187551035 114
1758578224969 0.0009786366694295866 115
1758578224974 0.0009724104063259589 116
1758578224978 0.0009644146516735263 117
1758578224983 0.0009568594169688759 118
1758578224988 0.0009496922171362562 119
1758578224992 0.0009394826289746567 120
1758578224998 0.0009341303606675652 121
1758578225003 0.0009227019902094209 122
1758578225009 0.0009138216881559839 123
1758578225013 0.0009071960080700011 124
1758578225019 0.0008988772604752289 125
1758578225023 0.0008883374485292885 126
1758578225028 0.0008808243395359146 127
1758578225033 0.0008738206055183963 128
1758578225038 0.000865106376922069 129
1758578225043 0.0008577641199305954 130
1758578225048 0.0008501839110315167 131
1758578225053 0.0008419105429362371 132
1758578225058 0.0008344238440125419 133
1758578225063 0.0008269483975007605 134
1758578225068 0.0008216058516659355 135
1758578225073 0.0008130640408053306 136
1758578225078 0.0008035085054899084 137
1758578225083 0.0007977189726004601 138
1758578225088 0.0007906514733572657 139
1758578225093 0.0007847678552039705 140
1758578225097 0.0007788565015208652 141
1758578225102 0.0007719282744538599 142
1758578225107 0.0007649467142270335 143
1758578225112 0.0007573680875908863 144
1758578225116 0.000750878783368604 145
1758578225121 0.0007456292538074327 146
1758578225126 0.0007392704144631986 147
1758578225131 0.0007341985326818845 148
1758578225136 0.0007297989523237167 149
1758578225141 0.0007230427227984083 150
1758578225146 0.0007181088514269064 151
1758578225151 0.0007114724971840306 152
1758578225156 0.0007058784851319856 153
1758578225161 0.0007020692128028632 154
1758578225165 0.0006970629327597111 155
1758578225170 0.0006935586863824083 156
1758578225175 0.0006877531769002738 157
1758578225180 0.0006825965216009701 158
1758578225185 0.0006791208778213306 159
1758578225190 0.0006751600274834943 160
1758578225195 0.0006713920678441882 161
1758578225200 0.0006664171971520229 162
1758578224438 0.0077058956171661384 0
