1758578223248 0.11661184532210152 0
1758578223252 0.13283726316338085 1
1758578223258 0.13596490425926414 2
1758578223261 0.143963502063441 3
1758578223266 0.14443813926855598 4
1758578223271 0.2934466860346501 5
1758578223273 0.2960554012231246 6
1758578223276 0.29646109476010263 7
1758578223279 0.297980698910754 8
1758578223281 0.29996646271943234 9
1758578223284 0.3014045259841068 10
1758578223288 0.34586947336022444 11
1758578223291 0.3608928279366928 12
1758578223293 0.3650077280681776 13
1758578223296 0.3654502060252024 14
1758578223298 0.3699247307724549 15
1758578223302 0.3777483514732 16
1758578223306 0.38547692346229245 17
1758578223308 0.3952277635701324 18
1758578223311 0.3996783609961171 19
1758578223314 0.41805481170365827 20
1758578223317 0.4211984824745333 21
1758578223320 0.42433604997751323 22
1758578223323 0.4389453789885983 23
1758578223327 0.44888138678758893 24
1758578223329 0.43880108585509514 25
1758578223332 0.4614689304382779 26
1758578223335 0.4655162558751662 27
1758578223340 0.4741143065872762 28
1758578223343 0.47855880585901717 29
1758578223345 0.4826438934273418 30
1758578223348 0.49142451413862576 31
1758578223351 0.49544293697352143 32
1758578223354 0.5000881821256755 33
1758578223358 0.5051827816203439 34
1758578223360 0.5098152556544192 35
1758578223363 0.521859185154802 36
1758578223366 0.531469104636086 37
1758578223369 0.5443126416249858 38
1758578223373 0.5533303093726661 39
1758578223375 0.562151801782023 40
1758578223378 0.571129908919983 41
1758578223381 0.5818472718623601 42
1758578223384 0.5886951540500182 43
1758578223387 0.5953154837320211 44
1758578223390 0.6089100275860131 45
1758578223393 0.6206309681155308 46
1758578223396 0.6295869143114963 47
1758578223399 0.6451610737707174 48
1758578223402 0.6532597867138359 49
1758578223406 0.6620190115012234 50
1758578223410 0.6708924675363066 51
1758578223413 0.6784098934731237 52
1758578223416 0.689727521445936 53
1758578223420 0.7058748588033233 54
1758578223423 0.7144368464891347 55
1758578223426 0.7213842822701465 56
1758578223429 0.7311369330186545 57
1758578223432 0.7384607498102667 58
1758578223436 0.7481465662157439 59
1758578223440 0.7573555037885994 60
1758578223443 0.7667602313062671 61
1758578223446 0.7744168419021349 62
1758578223449 0.7799329739212227 63
1758578223453 0.7868377329326939 64
1758578223456 0.7921604279014579 65
1758578223459 0.7988242113883655 66
1758578223462 0.8037591952410924 67
1758578223465 0.8102327669526319 68
1758578223468 0.8169887216385348 69
1758578223471 0.823636393925545 70
1758578223474 0.8319876840375754 71
1758578223478 0.8379521373286131 72
1758578223481 0.8459445745881837 73
1758578223483 0.8538892263731679 74
1758578223486 0.8576296195730003 75
1758578223489 0.8646663776963337 76
1758578223493 0.8711454850424767 77
1758578223496 0.8804713381437274 78
1758578223499 0.8816160387707174 79
1758578223502 0.8905511413365309 80
1758578223505 0.8911174970297463 81
1758578223509 0.8953347553224329 82
1758578223512 0.9018549732871085 83
1758578223515 0.9077820288688054 84
1758578223518 0.9161015330452934 85
1758578223521 0.9203729190581478 86
1758578223525 0.9235170800185823 87
1758578223528 0.9275977361770742 88
1758578223531 0.93082305232122 89
1758578223534 0.9320492971007389 90
1758578223537 0.9363576587950375 91
1758578223541 0.9401957631388421 92
1758578223544 0.9414773755093199 93
1758578223547 0.9438463040865465 94
1758578223550 0.9455298905477639 95
1758578223553 0.9479169382999562 96
1758578223557 0.9519781483325825 97
1758578223560 0.9561643787555099 98
1758578223563 0.9578354539355475 99
1758578223567 0.9601244815044578 100
1758578223570 0.960788794547554 101
1758578223573 0.9624585686772323 102
1758578223577 0.9639090057303323 103
1758578223580 0.9663429105350896 104
1758578223584 0.9658984623014766 105
1758578223587 0.9681511515710229 106
1758578223591 0.968168133809687 107
1758578223594 0.9715811319876884 108
1758578223598 0.9716948030115073 109
1758578223601 0.9740412208433269 110
1758578223604 0.9774411502866759 111
1758578223609 0.9774411502866759 112
1758578223612 0.9783815879519797 113
1758578223616 0.9819312095136588 114
1758578223619 0.9820192549514626 115
1758578223622 0.9823066724519949 116
1758578223626 0.9824877931034848 117
1758578223630 0.9856386367995531 118
1758578223633 0.9856889302028577 119
1758578223636 0.9870151162933156 120
1758578223640 0.9870151162933156 121
1758578223643 0.9888504485328754 122
1758578223646 0.989132916999123 123
1758578223650 0.989132916999123 124
1758578223653 0.9893524077805101 125
1758578223656 0.9903850421956356 126
1758578223659 0.9906536353233563 127
1758578223662 0.9929182944553191 128
1758578223666 0.9942074470933939 129
1758578223669 0.9942074470933939 130
1758578223673 0.9942074470933939 131
1758578223676 0.9943091739286661 132
1758578223679 0.9954916266142302 133
1758578223684 0.9959508688645172 134
1758578223687 0.9959508688645172 135
1758578223691 0.9965525137284572 136
1758578223694 0.9970892038143276 137
1758578223699 0.9973410232094575 138
1758578223702 0.9976286274660005 139
1758578223706 0.9981516576438497 140
1758578223709 0.9983996735168655 141
1758578223713 0.9983996735168655 142
1758578223717 0.9989157656706549 143
1758578223720 0.9989157656706549 144
1758578223724 0.9989157656706549 145
1758578223728 0.9991936206303659 146
1758578223732 0.9989157656706549 147
1758578223735 0.9994668446740818 148
1758578223738 0.9994668446740818 149
1758578223741 0.9994668446740818 150
1758578223745 0.9994668446740818 151
1758578223749 0.9994668446740818 152
1758578223752 0.9994668446740818 153
1758578223755 0.9994668446740818 154
1758578223759 0.9994668446740818 155
1758578223763 0.9994668446740818 156
1758578223767 0.9994668446740818 157
1758578223770 0.9994668446740818 158
1758578223773 0.9994668446740818 159
1758578223777 0.9994668446740818 160
1758578223781 0.9997355896351137 161
1758578223785 0.9997355896351137 162
1758578223248 0.11661184532210152 0
