1758578277323 0.6480102321285008 0
1758578277327 0.607399795206069 1
1758578277333 0.570162313860257 2
1758578277337 0.536090059618018 3
1758578277342 0.5051735544273427 4
1758578277346 0.489897893576397 5
1758578277349 0.4623244994806918 6
1758578277354 0.437324405263833 7
1758578277358 0.4138360239384533 8
1758578277363 0.3922894498509497 9
1758578277367 0.372436312067191 10
1758578277372 0.35362508842671014 11
1758578277376 0.3357889881639113 12
1758578277381 0.3272170008673677 13
1758578277385 0.31105785317897156 14
1758578277390 0.2960208821823746 15
1758578277395 0.28894225709799454 16
1758578277399 0.2752597371472322 17
1758578277404 0.26245908387370476 18
1758578277408 0.2503110836946272 19
1758578277414 0.24483059693934703 20
1758578277418 0.2337837460329744 21
1758578277422 0.22340969364769542 22
1758578277427 0.21883031906328362 23
1758578277431 0.20933749087528214 24
1758578277436 0.2003947118363709 25
1758578277440 0.1920031076427676 26
1758578277445 0.1841134795767908 27
1758578277450 0.18064751135138152 28
1758578277454 0.17322801895125137 29
1758578277458 0.16639984691967707 30
1758578277463 0.15997776502852518 31
1758578277468 0.15375899298532208 32
1758578277472 0.14790614953586104 33
1758578277476 0.14249706089318473 34
1758578277481 0.13734904050792865 35
1758578277485 0.1351493230542243 36
1758578277489 0.13028893952942555 37
1758578277495 0.12572332273546866 38
1758578277499 0.12146488215299091 39
1758578277503 0.11741774901755721 40
1758578277508 0.11361062191735913 41
1758578277513 0.10999061313534916 42
1758578277517 0.10658741102662993 43
1758578277520 0.10338302014031008 44
1758578277525 0.1016103290209676 45
1758578277530 0.09858336414719898 46
1758578277535 0.09573680981136792 47
1758578277539 0.0929981040849402 48
1758578277544 0.09044827888106924 49
1758578277549 0.08750978895658254 50
1758578277553 0.08515569460294838 51
1758578277558 0.08260135423323002 52
1758578277563 0.08047119617215538 53
1758578277567 0.07828325343588054 54
1758578277572 0.0763654678248853 55
1758578277577 0.07450568781282292 56
1758578277582 0.07234041236049324 57
1758578277586 0.07069002323842302 58
1758578277590 0.06883714303636437 59
1758578277596 0.06703480787217553 60
1758578277600 0.06539170156107488 61
1758578277604 0.06383706009265253 62
1758578277609 0.0625204173982449 63
1758578277615 0.06107570444864983 64
1758578277619 0.0597994893126283 65
1758578277623 0.058393431598794926 66
1758578277628 0.05729152615432622 67
1758578277633 0.05614770204915601 68
1758578277637 0.055054809278847545 69
1758578277642 0.0540534241117169 70
1758578277646 0.05294853345014791 71
1758578277651 0.05188584066708284 72
1758578277656 0.05089699577235125 73
1758578277660 0.05005768995951 74
1758578277665 0.049119652105002125 75
1758578277669 0.04817240198712165 76
1758578277673 0.0473028588378168 77
1758578277678 0.04644932109093142 78
1758578277683 0.04565139690562756 79
1758578277688 0.04487278163736415 80
1758578277693 0.044152772370734845 81
1758578277698 0.04347125675278161 82
1758578277703 0.0427710769402211 83
1758578277708 0.042103907940852975 84
1758578277713 0.04148238433621728 85
1758578277718 0.0408567042615629 86
1758578277722 0.04031464409740698 87
1758578277727 0.03990104572144971 88
1758578277733 0.039302802185447794 89
1758578277737 0.03872927217902269 90
1758578277742 0.03821196610311499 91
1758578277748 0.03774867003209212 92
1758578277752 0.03720695057118566 93
1758578277756 0.036740956395411445 94
1758578277761 0.0361620817969557 95
1758578277766 0.03569225499633393 96
1758578277770 0.035262907136974546 97
1758578277775 0.03488604812048738 98
1758578277779 0.034391911882979034 99
1758578277783 0.03392437261739054 100
1758578277788 0.0335512179998395 101
1758578277792 0.033189317283493266 102
1758578277797 0.032831324695314364 103
1758578277802 0.0324925505554679 104
1758578277806 0.03210350273128697 105
1758578277812 0.03174419812158835 106
1758578277818 0.031395023520958305 107
1758578277822 0.03106445713546058 108
1758578277829 0.030783838057562813 109
1758578277834 0.03048513002842942 110
1758578277838 0.030180953945241385 111
1758578277843 0.029793337466964435 112
1758578277847 0.029489355966725174 113
1758578277851 0.029212897238305485 114
1758578277855 0.028923563382901526 115
1758578277861 0.028595807250706533 116
1758578277866 0.02833367887917954 117
1758578277872 0.028071094380313685 118
1758578277878 0.027802487659304945 119
1758578277882 0.027570585649060588 120
1758578277887 0.027266677039624546 121
1758578277893 0.02700307102047731 122
1758578277898 0.026788856789254686 123
1758578277902 0.026553772623359215 124
1758578277908 0.026347075370543694 125
1758578277913 0.0261236106143283 126
1758578277918 0.025864146634019494 127
1758578277922 0.025653298722903856 128
1758578277927 0.025455213466173153 129
1758578277932 0.02527587422434848 130
1758578277937 0.025034839709885022 131
1758578277944 0.02483704142357422 132
1758578277949 0.02459117662651084 133
1758578277954 0.024399723525214797 134
1758578277960 0.02418841876593207 135
1758578277964 0.0239831318287303 136
1758578277969 0.023762935077147912 137
1758578277973 0.023599282636157213 138
1758578277979 0.023462587679736177 139
1758578277983 0.023301759179604205 140
1758578277987 0.02314744075208303 141
1758578277993 0.022959320383936506 142
1758578277998 0.022783031946928715 143
1758578277323 0.6480102321285008 0
