1758578298376 0.9731891504908222 0
1758578298378 0.9736438964586119 1
1758578298381 0.9736525846922124 2
1758578298384 0.9835331382201562 3
1758578298391 0.9834948511075655 4
1758578298394 0.9936144335841118 5
1758578298396 0.9942851989301555 6
1758578298399 0.9942908672264394 7
1758578298401 0.9942859274128251 8
1758578298405 0.994351358350418 9
1758578298408 0.9943515639546112 10
1758578298410 0.994323430688721 11
1758578298413 0.9944187775074325 12
1758578298415 0.994684100908917 13
1758578298418 0.9947443239329181 14
1758578298422 0.99467419525824 15
1758578298425 0.9949349610389365 16
1758578298428 0.9949808922324426 17
1758578298431 0.9950041071423517 18
1758578298434 0.9949495989334961 19
1758578298437 0.9950709124272056 20
1758578298440 0.9950788589301031 21
1758578298443 0.9950424988087093 22
1758578298446 0.9952223390412234 23
1758578298448 0.9952317121612868 24
1758578298451 0.995379347538327 25
1758578298455 0.9954180834315046 26
1758578298458 0.9953951777938954 27
1758578298461 0.9955474538239241 28
1758578298465 0.995583040199715 29
1758578298468 0.995573849095702 30
1758578298471 0.9956104157862321 31
1758578298475 0.9956489391400326 32
1758578298478 0.9957176004324566 33
1758578298481 0.9956228264579715 34
1758578298484 0.9956566254405264 35
1758578298487 0.9958573120451556 36
1758578298490 0.995886520590406 37
1758578298493 0.9959830384977673 38
1758578298496 0.9960158960518993 39
1758578298498 0.9961370185204252 40
1758578298502 0.9960768604560494 41
1758578298506 0.9961254638129311 42
1758578298509 0.9961155281396051 43
1758578298511 0.9961157189792272 44
1758578298514 0.9968418127016191 45
1758578298517 0.9968733714202479 46
1758578298521 0.9968474960210376 47
1758578298524 0.9969353623060252 48
1758578298526 0.9970019775210431 49
1758578298529 0.9974714740196441 50
1758578298532 0.9974435025012476 51
1758578298535 0.99744462576353 52
1758578298538 0.9975128100759952 53
1758578298541 0.9975901182401564 54
1758578298544 0.9975647980077909 55
1758578298547 0.9975880768615478 56
1758578298550 0.9977223966247574 57
1758578298554 0.9977152183245882 58
1758578298557 0.9978787980956505 59
1758578298560 0.9978626567552416 60
1758578298563 0.9980470963023393 61
1758578298566 0.9982169613262836 62
1758578298569 0.9981834960155224 63
1758578298572 0.9982417340908593 64
1758578298575 0.998276051829234 65
1758578298578 0.9983538071819553 66
1758578298581 0.9984285770184846 67
1758578298584 0.9984692046200775 68
1758578298588 0.9984714150311681 69
1758578298592 0.9984819916107486 70
1758578298595 0.9985087274527432 71
1758578298598 0.9985680010525193 72
1758578298602 0.9986071034776509 73
1758578298605 0.9986003897316466 74
1758578298608 0.9986477645130959 75
1758578298611 0.9987023855146103 76
1758578298614 0.9987184190710172 77
1758578298617 0.9987516071973109 78
1758578298621 0.9987728377769453 79
1758578298624 0.9987929170385311 80
1758578298627 0.9988007607023567 81
1758578298630 0.9988348983709596 82
1758578298633 0.998828948671579 83
1758578298637 0.9988411315746042 84
1758578298640 0.9988652580532629 85
1758578298643 0.9988706586380051 86
1758578298647 0.9988794748128412 87
1758578298651 0.9989104168419531 88
1758578298654 0.9989099350028503 89
1758578298657 0.9989316237293403 90
1758578298660 0.9989419687424925 91
1758578298664 0.9989463484893336 92
1758578298667 0.9989679002966871 93
1758578298671 0.9989961062925933 94
1758578298675 0.9990043914831481 95
1758578298678 0.9990085557651073 96
1758578298681 0.9990297366861043 97
1758578298684 0.9990368270532046 98
1758578298688 0.9990645142212374 99
1758578298692 0.9990775067571062 100
1758578298695 0.999087116621081 101
1758578298698 0.9990926874537659 102
1758578298702 0.999115320268588 103
1758578298706 0.9991293236717476 104
1758578298710 0.9991384975792914 105
1758578298713 0.9991604027811459 106
1758578298716 0.999168610354124 107
1758578298719 0.999181553473042 108
1758578298723 0.9991835533288693 109
1758578298727 0.9991834919434489 110
1758578298730 0.9992143944783519 111
1758578298733 0.99922775783319 112
1758578298737 0.9992387842443835 113
1758578298741 0.9992505281913867 114
1758578298745 0.9992648418161193 115
1758578298748 0.999271329011001 116
1758578298751 0.9992793578158009 117
1758578298755 0.9992870989195005 118
1758578298759 0.9992904237339962 119
1758578298762 0.9992972007184399 120
1758578298766 0.9993096818690141 121
1758578298770 0.9993074845431167 122
1758578298773 0.9993235929535348 123
1758578298777 0.9993350337950414 124
1758578298781 0.999336799993154 125
1758578298786 0.999358765845697 126
1758578298790 0.9993649264560223 127
1758578298794 0.999365712812261 128
1758578298798 0.9993725364887046 129
1758578298802 0.9993826044151888 130
1758578298805 0.9993936987889114 131
1758578298809 0.9993925199363254 132
1758578298812 0.9993994780221058 133
1758578298816 0.9994067619234208 134
1758578298821 0.9994176039824567 135
1758578298824 0.9994257132491656 136
1758578298829 0.9994368918204068 137
1758578298833 0.9994384965365173 138
1758578298836 0.9994611105659661 139
1758578298840 0.9994622962074268 140
1758578298844 0.9994675294959967 141
1758578298847 0.999475475907021 142
1758578298851 0.9994875100580828 143
1758578298376 0.9731891504908222 0
