1758578299549 0.6480102321285008 0
1758578299555 0.607399795206069 1
1758578299559 0.570162313860257 2
1758578299565 0.536090059618018 3
1758578299571 0.5051735544273427 4
1758578299586 0.48989789357639707 5
1758578299591 0.4623244994806918 6
1758578299597 0.437324405263833 7
1758578299601 0.4138360239384533 8
1758578299606 0.39228944985094966 9
1758578299613 0.37243631206719097 10
1758578299618 0.35362508842671014 11
1758578299624 0.3357889881639113 12
1758578299630 0.3272170008673677 13
1758578299636 0.31105785317897156 14
1758578299642 0.2960208821823746 15
1758578299648 0.28894225709799454 16
1758578299652 0.2752597371472322 17
1758578299657 0.2624590838737048 18
1758578299664 0.2503110836946272 19
1758578299669 0.24483059693934703 20
1758578299675 0.2337837460329744 21
1758578299682 0.2234096936476954 22
1758578299688 0.21883031906328362 23
1758578299695 0.2093374908752821 24
1758578299700 0.2003947118363709 25
1758578299705 0.1920031076427676 26
1758578299711 0.1841134795767908 27
1758578299716 0.1806475113513815 28
1758578299723 0.1732280189512514 29
1758578299729 0.16639984691967707 30
1758578299735 0.15997776502852518 31
1758578299740 0.1537589929853221 32
1758578299746 0.14790614953586104 33
1758578299752 0.14249706089318473 34
1758578299756 0.13734904050792865 35
1758578299761 0.1351493230542243 36
1758578299767 0.13028893952942558 37
1758578299772 0.12572332273546866 38
1758578299777 0.12146488215299091 39
1758578299783 0.11741774901755721 40
1758578299789 0.11361062191735913 41
1758578299795 0.10999061313534916 42
1758578299800 0.10658741102662993 43
1758578299805 0.10338302014031008 44
1758578299811 0.1016103290209676 45
1758578299816 0.09858336414719898 46
1758578299822 0.09573680981136792 47
1758578299826 0.0929981040849402 48
1758578299831 0.09044827888106924 49
1758578299837 0.08750978895658253 50
1758578299842 0.08515569460294838 51
1758578299848 0.08260135423323 52
1758578299853 0.08047119617215538 53
1758578299859 0.07828325343588054 54
1758578299865 0.0763654678248853 55
1758578299870 0.07450568781282292 56
1758578299877 0.07234041236049324 57
1758578299882 0.07069002323842302 58
1758578299887 0.06883714303636439 59
1758578299892 0.06703480787217551 60
1758578299897 0.06539170156107488 61
1758578299903 0.06383706009265253 62
1758578299909 0.0625204173982449 63
1758578299916 0.061075704448649834 64
1758578299921 0.059799489312628296 65
1758578299926 0.05839343159879492 66
1758578299931 0.057291526154326214 67
1758578299936 0.05614770204915601 68
1758578299942 0.05505480927884753 69
1758578299948 0.05405342411171691 70
1758578299953 0.05294853345014791 71
1758578299958 0.05188584066708284 72
1758578299963 0.05089699577235125 73
1758578299968 0.05005768995951001 74
1758578299975 0.04911965210500212 75
1758578299980 0.048172401987121645 76
1758578299985 0.0473028588378168 77
1758578299990 0.04644932109093142 78
1758578299994 0.04565139690562756 79
1758578299999 0.04487278163736415 80
1758578300006 0.044152772370734845 81
1758578300012 0.04347125675278161 82
1758578300017 0.0427710769402211 83
1758578300021 0.042103907940852975 84
1758578300025 0.04148238433621728 85
1758578300030 0.0408567042615629 86
1758578300036 0.04031464409740699 87
1758578300040 0.03990104572144971 88
1758578300045 0.039302802185447794 89
1758578300051 0.03872927217902268 90
1758578300055 0.038211966103114996 91
1758578300060 0.03774867003209212 92
1758578300066 0.03720695057118566 93
1758578300071 0.036740956395411445 94
1758578300075 0.0361620817969557 95
1758578300082 0.03569225499633393 96
1758578300086 0.035262907136974546 97
1758578300091 0.03488604812048738 98
1758578300095 0.034391911882979034 99
1758578300101 0.03392437261739054 100
1758578300106 0.03355121799983949 101
1758578300110 0.033189317283493266 102
1758578300115 0.032831324695314364 103
1758578300120 0.0324925505554679 104
1758578300125 0.03210350273128697 105
1758578300130 0.03174419812158835 106
1758578300135 0.031395023520958305 107
1758578300140 0.031064457135460577 108
1758578300145 0.030783838057562813 109
1758578300150 0.03048513002842942 110
1758578300155 0.030180953945241385 111
1758578300160 0.029793337466964435 112
1758578300165 0.029489355966725174 113
1758578300170 0.029212897238305488 114
1758578300175 0.028923563382901526 115
1758578300180 0.02859580725070654 116
1758578300186 0.02833367887917954 117
1758578300190 0.028071094380313685 118
1758578300196 0.027802487659304945 119
1758578300201 0.027570585649060588 120
1758578300206 0.027266677039624546 121
1758578300211 0.02700307102047731 122
1758578300217 0.026788856789254686 123
1758578300221 0.026553772623359215 124
1758578300226 0.026347075370543694 125
1758578300231 0.0261236106143283 126
1758578300236 0.025864146634019494 127
1758578300241 0.025653298722903856 128
1758578300245 0.025455213466173153 129
1758578300251 0.02527587422434848 130
1758578300255 0.025034839709885022 131
1758578300261 0.02483704142357422 132
1758578300267 0.024591176626510843 133
1758578300271 0.024399723525214797 134
1758578300276 0.024188418765932067 135
1758578300281 0.0239831318287303 136
1758578300287 0.023762935077147912 137
1758578300292 0.023599282636157216 138
1758578300296 0.023462587679736177 139
1758578300301 0.023301759179604205 140
1758578300306 0.02314744075208303 141
1758578300311 0.022959320383936506 142
1758578300316 0.022783031946928715 143
1758578299549 0.6480102321285008 0
