1758578201572 0.007705895617166138 0
1758578201576 0.006928208120922773 1
1758578201580 0.006390303040082272 2
1758578201584 0.0060252488154627195 3
1758578201589 0.005718042539892993 4
1758578201593 0.005513514774439782 5
1758578201597 0.0052915862597765345 6
1758578201602 0.005100992604676746 7
1758578201606 0.004916744797327 8
1758578201611 0.004765985343288757 9
1758578201616 0.004616187052254125 10
1758578201621 0.004492944683720126 11
1758578201626 0.004372818792751168 12
1758578201630 0.004263802671123485 13
1758578201634 0.0041629243656040316 14
1758578201639 0.004059938043312776 15
1758578201643 0.00396835872797969 16
1758578201648 0.0038553282256831322 17
1758578201653 0.003771817654632404 18
1758578201656 0.0036779336943063095 19
1758578201661 0.003607533497655797 20
1758578201665 0.003537090165540021 21
1758578201670 0.003463609812870597 22
1758578201674 0.003404907030642726 23
1758578201678 0.003344828054034389 24
1758578201682 0.00328698767669168 25
1758578201686 0.0032064719817260796 26
1758578201690 0.0031434270760089525 27
1758578201695 0.003083849793818926 28
1758578201699 0.0030276419074748424 29
1758578201704 0.002975540725933354 30
1758578201708 0.0029090288020749183 31
1758578201712 0.0028526801248451063 32
1758578201717 0.0028111257239905336 33
1758578201722 0.0027635916370017314 34
1758578201727 0.0026848448640696466 35
1758578201731 0.0026497300786761106 36
1758578201735 0.002586170090480044 37
1758578201739 0.002520275978229756 38
1758578201745 0.0024744222244263816 39
1758578201749 0.0024325085418801847 40
1758578201753 0.002397692463833368 41
1758578201758 0.0023580176882960473 42
1758578201762 0.0023267257422898437 43
1758578201767 0.00229091651913268 44
1758578201772 0.0022515242424914254 45
1758578201776 0.0022180514991510824 46
1758578201781 0.0021579463989329453 47
1758578201785 0.0020827714742308544 48
1758578201789 0.0020574117588998196 49
1758578201794 0.002024034462978304 50
1758578201798 0.00199075647193629 51
1758578201802 0.001963832548235439 52
1758578201807 0.0019346473906012578 53
1758578201812 0.0019108981124923363 54
1758578201817 0.001885811490942048 55
1758578201821 0.0018560398777284516 56
1758578201825 0.0018301373085805967 57
1758578201829 0.0018096088892159273 58
1758578201833 0.0017823465388819711 59
1758578201838 0.0017605861853929405 60
1758578201843 0.0017324933618917601 61
1758578201847 0.0017119706298707245 62
1758578201852 0.0016910984172504783 63
1758578201856 0.001672655632403787 64
1758578201860 0.001654255673065279 65
1758578201865 0.0016357967723871806 66
1758578201869 0.0016186668643821294 67
1758578201873 0.001597716296988296 68
1758578201878 0.00158204385283383 69
1758578201882 0.0015664075465763802 70
1758578201886 0.0015452256634316992 71
1758578201891 0.0015256899374895105 72
1758578201895 0.0015052166369944836 73
1758578201899 0.0014801131689394249 74
1758578201904 0.0014638324304329716 75
1758578201908 0.001448928905918576 76
1758578201912 0.0014350918593061903 77
1758578201916 0.0014169538018829594 78
1758578201921 0.0014038882039778 79
1758578201925 0.0013854626378889728 80
1758578201929 0.0013734617472272242 81
1758578201934 0.0013609138723253813 82
1758578201938 0.001347332694365007 83
1758578201943 0.0013298738380269624 84
1758578201947 0.0013110795178031011 85
1758578201952 0.0012923796457234608 86
1758578201956 0.0012792967731615394 87
1758578201960 0.0012636908432458991 88
1758578201965 0.0012518357028658935 89
1758578201970 0.001237941563724073 90
1758578201974 0.0012275229712429491 91
1758578201979 0.0012124673657224882 92
1758578201983 0.0012020762939943409 93
1758578201987 0.0011896927340241466 94
1758578201992 0.0011801189303846146 95
1758578201996 0.001168027284534752 96
1758578202001 0.0011555125929521696 97
1758578202006 0.0011427833928668 98
1758578202010 0.0011350584379989852 99
1758578202014 0.0011189557717692685 100
1758578202019 0.0011120564973837272 101
1758578202023 0.0011037592830163508 102
1758578202028 0.0010936137171300602 103
1758578202032 0.0010844725649988396 104
1758578202036 0.001073454252488061 105
1758578202042 0.0010614360283521286 106
1758578202046 0.0010519581585462215 107
1758578202050 0.0010392059499604136 108
1758578202055 0.0010316269962490048 109
1758578202059 0.0010206099040449541 110
1758578202064 0.0010126536269021117 111
1758578202069 0.0010070615398139037 112
1758578202073 0.0009972574207809048 113
1758578202078 0.000987639187551035 114
1758578202083 0.0009786366694295866 115
1758578202087 0.0009724104063259589 116
1758578202098 0.0009644146516735263 117
1758578202103 0.0009568594169688759 118
1758578202107 0.0009496922171362562 119
1758578202112 0.0009394826289746567 120
1758578202116 0.0009341303606675651 121
1758578202120 0.000922701990209421 122
1758578202125 0.0009138216881559839 123
1758578202131 0.0009071960080700011 124
1758578202136 0.0008988772604752289 125
1758578202140 0.0008883374485292884 126
1758578201572 0.007705895617166138 0
