1758578138891 0.01179851630282589 0
1758578138894 0.0041496333859767556 1
1758578138898 0.0036908232564962064 2
1758578138903 0.0034040112325773005 3
1758578138907 0.0031872580427960945 4
1758578138911 0.003026720552123086 5
1758578138915 0.002879717915811207 6
1758578138919 0.0027373370763519593 7
1758578138923 0.002625922272815657 8
1758578138927 0.0025119708943580534 9
1758578138930 0.002409033252323116 10
1758578138934 0.002304822000039446 11
1758578138938 0.002237629669958414 12
1758578138942 0.002158689251660671 13
1758578138946 0.0020770920037379123 14
1758578138950 0.0019953409596611222 15
1758578138953 0.0019042065603422727 16
1758578138958 0.001833263010926379 17
1758578138961 0.00177051591346329 18
1758578138965 0.0017236071130293975 19
1758578138970 0.0016666873783703527 20
1758578138974 0.0016186956915357736 21
1758578138978 0.0015693777902183285 22
1758578138981 0.0015232669504926268 23
1758578138985 0.0014763857669020488 24
1758578138989 0.0014315801875486322 25
1758578138993 0.0013936131098498752 26
1758578138997 0.0013571077306135883 27
1758578139000 0.0013142227464141576 28
1758578139005 0.0012784562193272403 29
1758578139009 0.00123699387232235 30
1758578139013 0.0011987115572186186 31
1758578139016 0.0011630942623828593 32
1758578139020 0.001103953379479894 33
1758578139024 0.001074282860950012 34
1758578139028 0.0010435192248798174 35
1758578139032 0.0009867368175653028 36
1758578139037 0.0009547940223699223 37
1758578139041 0.0009249027788523859 38
1758578139045 0.0008999626948320058 39
1758578139049 0.0008734862982237486 40
1758578139053 0.0008530102232869478 41
1758578139057 0.0008306034646920262 42
1758578139061 0.000808721493123554 43
1758578139065 0.0007901775318903437 44
1758578139068 0.0007657700174134668 45
1758578139073 0.0007425218283372639 46
1758578139077 0.000721126484657342 47
1758578139080 0.000706042035999477 48
1758578139084 0.0006907430006188421 49
1758578139088 0.0006741886057019833 50
1758578139092 0.0006540000980795618 51
1758578139096 0.0006384315599447358 52
1758578139101 0.0006241470532989386 53
1758578139106 0.0006095481682374189 54
1758578139110 0.0005931553808536061 55
1758578139114 0.0005792250805644394 56
1758578139118 0.0005671907777945336 57
1758578139122 0.0005514989870786783 58
1758578139126 0.0005404081538441222 59
1758578139130 0.000529147239449954 60
1758578139134 0.0005172773610551104 61
1758578139138 0.0005068687620242156 62
1758578139142 0.0004962268567654645 63
1758578139146 0.0004864896993733823 64
1758578139150 0.00047661200375789445 65
1758578139154 0.00046389598744925754 66
1758578139158 0.000453920350336489 67
1758578139162 0.0004426826341888873 68
1758578139166 0.0004334700679192963 69
1758578139171 0.00042510027128702077 70
1758578139176 0.00041577049998681924 71
1758578139180 0.00040555181260610446 72
1758578139184 0.000394866724680994 73
1758578139188 0.0003874175048694488 74
1758578139193 0.0003803087541558554 75
1758578139196 0.0003706848016889074 76
1758578139200 0.00036386638627985816 77
1758578139205 0.0003555619941686145 78
1758578139209 0.00034874286208048017 79
1758578139213 0.00034107124280625283 80
1758578139217 0.00033498400354355876 81
1758578139221 0.0003267895954654825 82
1758578139225 0.00032068480585848564 83
1758578139229 0.0003138328965610449 84
1758578139233 0.0003074850280151123 85
1758578139238 0.00030155789274786054 86
1758578139243 0.0002960369941844768 87
1758578139247 0.00029025822503728026 88
1758578139251 0.00028434588705958803 89
1758578139256 0.0002793253438189893 90
1758578139260 0.0002750157245496946 91
1758578139264 0.0002694923885542228 92
1758578139268 0.0002643373066296063 93
1758578139272 0.00025975644462114826 94
1758578139276 0.00025449076764068773 95
1758578139280 0.00025016941033252405 96
1758578139284 0.00024539774959205787 97
1758578139288 0.00024063345828663385 98
1758578139293 0.0002350175423804269 99
1758578139297 0.00023093373713517902 100
1758578139301 0.0002258737075606252 101
1758578139306 0.0002215856251253028 102
1758578139310 0.00021796796938052432 103
1758578139314 0.00021356594021872572 104
1758578139319 0.00021030507156438773 105
1758578139323 0.00020707366750350614 106
1758578139327 0.0002040309832732272 107
1758578139332 0.00020112899273570616 108
1758578139336 0.00019755593631597953 109
1758578139340 0.00019290047501942568 110
1758578139345 0.0001898040568995585 111
1758578139349 0.00018680260457505125 112
1758578139353 0.0001840535049490471 113
1758578139357 0.00018088038273832065 114
1758578139362 0.00017777058063788844 115
1758578139366 0.00017450623687483743 116
1758578139370 0.00017167972050294184 117
1758578139375 0.00016830378252548082 118
1758578139379 0.00016536011527689057 119
1758578139383 0.00016205231335402243 120
1758578139387 0.00015951445172079676 121
1758578139392 0.00015726353323098578 122
1758578139396 0.0001541996228714753 123
1758578139400 0.00015201673742711253 124
1758578139404 0.00014901619082287977 125
1758578139409 0.0001463008878657866 126
1758578139413 0.00014385004810408265 127
1758578139417 0.00014117418990314352 128
1758578139421 0.00013869359667602284 129
1758578138891 0.01179851630282589 0
