1758578138017 0.1601971818328965 0
1758578138019 0.3241084147295782 1
1758578138026 0.5153000206518865 2
1758578138030 0.585144320069474 3
1758578138033 0.6143988619982879 4
1758578138036 0.6819788655099842 5
1758578138039 0.70023944151838 6
1758578138042 0.7241145719150138 7
1758578138045 0.7346129760112428 8
1758578138048 0.7504841659872667 9
1758578138051 0.7613441083584599 10
1758578138053 0.7742489624200737 11
1758578138056 0.7859366529184634 12
1758578138059 0.8066657603408676 13
1758578138062 0.8277780129701615 14
1758578138065 0.8415614297743873 15
1758578138067 0.8542972401094435 16
1758578138070 0.8631487434438079 17
1758578138073 0.8737010537768786 18
1758578138075 0.8783927218049767 19
1758578138078 0.8868285100376445 20
1758578138080 0.8927635141820831 21
1758578138083 0.8969547452770329 22
1758578138086 0.901449579848892 23
1758578138089 0.9072023173033396 24
1758578138093 0.918264613300463 25
1758578138096 0.9210543367115579 26
1758578138099 0.9244567122176716 27
1758578138102 0.9286148734815314 28
1758578138105 0.931805122605498 29
1758578138108 0.9381967405129401 30
1758578138110 0.9393322959298142 31
1758578138113 0.9425202186730331 32
1758578138116 0.9490937219469967 33
1758578138119 0.9509135502175401 34
1758578138122 0.9551967039190771 35
1758578138125 0.9645738933614301 36
1758578138128 0.9688432600865419 37
1758578138131 0.9729031511256936 38
1758578138133 0.9749911169943302 39
1758578138137 0.9783903892704815 40
1758578138139 0.9797334885049466 41
1758578138142 0.9798319630596606 42
1758578138145 0.979985184559564 43
1758578138148 0.9793546675356043 44
1758578138150 0.9818705859456438 45
1758578138153 0.9839157065547632 46
1758578138157 0.9873141726560426 47
1758578138160 0.9879703674026319 48
1758578138163 0.9879703674026319 49
1758578138166 0.989554861447422 50
1758578138169 0.9902929986922279 51
1758578138172 0.9907773333466444 52
1758578138175 0.9916075140948579 53
1758578138178 0.9927714553053263 54
1758578138181 0.9932875474591156 55
1758578138184 0.9932875474591156 56
1758578138187 0.9932875474591156 57
1758578138190 0.9940591103732634 58
1758578138193 0.9955011631786562 59
1758578138196 0.9965051221392898 60
1758578138199 0.9968265621907202 61
1758578138202 0.9968265621907202 62
1758578138205 0.9965051221392898 63
1758578138208 0.9965051221392898 64
1758578138211 0.9971418207027 65
1758578138214 0.9971418207027 66
1758578138217 0.9971418207027 67
1758578138220 0.9977547132116643 68
1758578138223 0.9983455158516472 69
1758578138226 0.9986331201081903 70
1758578138229 0.9986331201081903 71
1758578138232 0.9986331201081903 72
1758578138235 0.9986331201081903 73
1758578138239 0.9986331201081903 74
1758578138242 0.9994668446740818 75
1758578138244 0.9997355896351137 76
1758578138247 0.9997355896351137 77
1758578138250 0.9994668446740818 78
1758578138254 0.9997355896351137 79
1758578138257 0.9997355896351137 80
1758578138260 0.9997355896351137 81
1758578138263 1.0 82
1758578138266 1.0 83
1758578138269 0.9997355896351137 84
1758578138272 0.9997355896351137 85
1758578138275 1.0 86
1758578138278 1.0 87
1758578138281 1.0 88
1758578138283 1.0 89
1758578138287 1.0 90
1758578138290 1.0 91
1758578138293 1.0 92
1758578138296 1.0 93
1758578138299 1.0 94
1758578138303 1.0 95
1758578138306 1.0 96
1758578138309 1.0 97
1758578138313 1.0 98
1758578138315 1.0 99
1758578138318 1.0 100
1758578138322 1.0 101
1758578138326 1.0 102
1758578138329 1.0 103
1758578138332 1.0 104
1758578138335 1.0 105
1758578138338 1.0 106
1758578138341 1.0 107
1758578138344 1.0 108
1758578138348 1.0 109
1758578138351 1.0 110
1758578138354 1.0 111
1758578138357 1.0 112
1758578138361 1.0 113
1758578138364 1.0 114
1758578138367 1.0 115
1758578138371 1.0 116
1758578138374 1.0 117
1758578138377 1.0 118
1758578138380 1.0 119
1758578138383 1.0 120
1758578138386 1.0 121
1758578138390 1.0 122
1758578138393 1.0 123
1758578138396 1.0 124
1758578138399 1.0 125
1758578138402 1.0 126
1758578138406 1.0 127
1758578138409 1.0 128
1758578138412 1.0 129
1758578138017 0.1601971818328965 0
