1758578338943 0.945757791426677 0
1758578338946 0.9966295392937714 1
1758578338950 0.9972545670595842 2
1758578338952 0.9972783977580314 3
1758578338955 0.9972820619737007 4
1758578338958 0.9974719318710125 5
1758578338961 0.9976161464089435 6
1758578338965 0.9976186863451415 7
1758578338967 0.997639336193998 8
1758578338970 0.9978058541789725 9
1758578338973 0.9978157434217033 10
1758578338976 0.9979343370622458 11
1758578338979 0.9979360349834133 12
1758578338982 0.9979720750098641 13
1758578338985 0.997985816248728 14
1758578338988 0.9979948641739855 15
1758578338991 0.998001502972447 16
1758578338993 0.9980082163632664 17
1758578338996 0.9980124320204099 18
1758578339000 0.9980147694335022 19
1758578339002 0.99801642350272 20
1758578339005 0.998018311525281 21
1758578339008 0.9982508237924029 22
1758578339011 0.9982507229370988 23
1758578339015 0.9987697138757059 24
1758578339017 0.9990004161983644 25
1758578339020 0.999198616691383 26
1758578339024 0.999221411466843 27
1758578339027 0.9993018222388192 28
1758578339030 0.9993065065725647 29
1758578339033 0.9993142444421613 30
1758578339036 0.9993154236928575 31
1758578339039 0.9993162619321685 32
1758578339042 0.9993498503475406 33
1758578339045 0.9993495844571378 34
1758578339049 0.9993579258348563 35
1758578339051 0.9993529706314114 36
1758578339055 0.9993512228264391 37
1758578339058 0.9993560315649526 38
1758578339061 0.9993558557781367 39
1758578339064 0.9993556596518378 40
1758578339067 0.9993554501202675 41
1758578339070 0.999354258219319 42
1758578339073 0.9993575986954287 43
1758578339076 0.9993858687080517 44
1758578339080 0.9993877428530061 45
1758578339083 0.9993895611898546 46
1758578339086 0.9993831655773188 47
1758578339089 0.9993795022607566 48
1758578339092 0.999378737158837 49
1758578339095 0.9993768221568787 50
1758578339099 0.9993752335515964 51
1758578339102 0.9993754036633059 52
1758578339105 0.999373859440351 53
1758578339108 0.9993820379035815 54
1758578339112 0.9993821165602765 55
1758578339116 0.9994050740828867 56
1758578339118 0.9994045645125266 57
1758578339122 0.9994036750422951 58
1758578339125 0.9994110637038801 59
1758578339128 0.9994829962475008 60
1758578339132 0.9994810603619886 61
1758578339135 0.9994826318242528 62
1758578339138 0.9994993860168463 63
1758578339141 0.9995129895537788 64
1758578339145 0.9995252819976768 65
1758578339148 0.9995523119723738 66
1758578339151 0.9995541955989834 67
1758578339154 0.9995574122712246 68
1758578339158 0.9995793650288975 69
1758578339161 0.9995999279481239 70
1758578339164 0.9996019480126541 71
1758578339167 0.9996238298014066 72
1758578339170 0.9996240412511793 73
1758578339174 0.9996242269818643 74
1758578339177 0.999625549054389 75
1758578339181 0.9996238189214814 76
1758578339184 0.9996243783066127 77
1758578339187 0.9996266217673822 78
1758578339190 0.9996352728542317 79
1758578339193 0.9996912318161654 80
1758578339197 0.9997229804257763 81
1758578339200 0.9997216317693405 82
1758578339203 0.9997441928872873 83
1758578339207 0.9998037308319605 84
1758578339210 0.9998058222649079 85
1758578339214 0.9998099742576891 86
1758578339217 0.9998119053162889 87
1758578339220 0.9998153403007045 88
1758578339223 0.9998154412459093 89
1758578339227 0.9998163907773298 90
1758578339230 0.9998166121109371 91
1758578339233 0.9998188048174232 92
1758578339236 0.9998356167147214 93
1758578339240 0.9998385867520108 94
1758578339243 0.9998421991760059 95
1758578339247 0.9998694592344416 96
1758578339250 0.9998699107050858 97
1758578339253 0.9998888574768182 98
1758578339257 0.9998917160328382 99
1758578339260 0.9999013296013138 100
1758578339263 0.9999034574864899 101
1758578339267 0.9999004826199522 102
1758578339270 0.9998954684647856 103
1758578339273 0.99989586536824 104
1758578339277 0.9998994106841639 105
1758578339280 0.9998998997278186 106
1758578339284 0.9999015591736132 107
1758578339287 0.99990247710868 108
1758578339290 0.9999034241838173 109
1758578339293 0.9999023631538378 110
1758578339297 0.99990317135605 111
1758578339301 0.9999037469441583 112
1758578339304 0.9999079381562659 113
1758578339307 0.9999085751078138 114
1758578339311 0.9999044915943508 115
1758578339315 0.9999038977853072 116
1758578339319 0.9999047786938468 117
1758578339322 0.9999316944933535 118
1758578339325 0.9999320810229945 119
1758578339329 0.9999369601863719 120
1758578339333 0.9999371764649706 121
1758578339337 0.9999427778902512 122
1758578339340 0.9999517061510026 123
1758578339344 0.9999519381122302 124
1758578339347 0.9999541776333849 125
1758578339352 0.9999544924866157 126
1758578339355 0.9999541253272013 127
1758578339359 0.9999546242960589 128
1758578339363 0.9999547280897368 129
1758578339366 0.9999552973207938 130
1758578339370 0.9999553345209116 131
1758578339373 0.9999553065451421 132
1758578339377 0.9999532670279754 133
1758578339381 0.9999534978029713 134
1758578339384 0.9999544845050247 135
1758578339387 0.9999544714213573 136
1758578339391 0.9999546838900993 137
1758578339394 0.9999561538383712 138
1758578339398 0.9999566421626216 139
1758578339401 0.9999567523663531 140
1758578339404 0.9999582536550052 141
1758578339408 0.9999567972547431 142
1758578339411 0.9999566271505619 143
1758578339415 0.9999567322828449 144
1758578339418 0.9999568059167845 145
1758578339421 0.9999568708135408 146
1758578339425 0.9999568081555537 147
1758578339428 0.9999568136696653 148
1758578339432 0.9999598766865034 149
1758578339435 0.9999599586844172 150
1758578339439 0.9999599673385733 151
1758578339443 0.9999594569761207 152
1758578339446 0.9999594727557142 153
1758578339450 0.9999588970746482 154
1758578339453 0.9999589232975606 155
1758578339457 0.9999595183986936 156
1758578339460 0.9999595127814078 157
1758578339464 0.9999595394149596 158
1758578339468 0.9999873896933035 159
1758578339471 0.9999874328833868 160
1758578339475 0.9999872590868277 161
1758578339478 0.9999872396678977 162
1758578339482 0.999986777589358 163
1758578339485 0.9999868451493215 164
1758578339489 0.9999867547766588 165
1758578339493 0.9999866505424493 166
1758578339497 0.999986543465589 167
1758578339501 0.9999864388192609 168
1758578339504 0.999986323803706 169
1758578339508 0.9999920286707992 170
1758578339512 0.999993350018578 171
1758578339516 0.9999932458487202 172
1758578339519 0.9999931498789958 173
1758578339523 0.9999966364471332 174
1758578339527 0.9999966065302537 175
1758578339531 0.999996515587196 176
1758578339534 0.999996466103743 177
1758578339537 0.999996430903059 178
1758578339541 0.9999963090097457 179
1758578339545 0.9999963169131341 180
1758578339549 0.9999971869662453 181
1758578339552 0.9999980629918669 182
1758578339556 0.9999983315558555 183
1758578339559 0.9999982960518584 184
1758578339563 0.9999982951519064 185
1758578339567 0.9999982241482104 186
1758578339570 0.9999981912904657 187
1758578339574 0.9999984666949484 188
1758578339578 0.9999984520768331 189
1758578339582 0.9999987828448772 190
1758578339585 0.9999989833868637 191
1758578339589 0.9999989856654294 192
1758578339593 0.9999991322654257 193
1758578339598 0.9999991398131822 194
1758578339602 0.9999990938009845 195
1758578339605 0.999999239345861 196
1758578339610 0.9999995035468171 197
1758578339614 0.9999994841289704 198
1758578339617 0.9999997797982803 199
1758578339621 0.9999998798271682 200
1758578339625 0.9999998750450148 201
1758578339628 0.9999998742926602 202
1758578339632 0.9999998903879483 203
1758578339636 0.9999998984264766 204
1758578339640 0.9999999014303929 205
1758578339644 0.9999999212902723 206
1758578339648 0.9999999210335864 207
1758578339652 0.9999999418791556 208
1758578339656 0.9999999456408791 209
1758578339660 0.9999999473923082 210
1758578339665 0.9999999491461017 211
1758578339668 0.9999999521472226 212
1758578339672 0.9999999536461408 213
1758578339677 0.9999999558973829 214
1758578339681 0.9999999579023509 215
1758578339684 0.9999999586530692 216
1758578339689 0.999999960656177 217
1758578339692 0.999999961407014 218
1758578339697 0.9999999619071176 219
1758578339700 0.9999999636629836 220
1758578339705 0.9999999649140985 221
1758578339709 0.9999999664168224 222
1758578339713 0.9999999666669493 223
1758578339716 0.999999967167897 224
1758578339720 0.9999999684193362 225
1758578339725 0.9999999686695106 226
1758578339728 0.9999999691705216 227
1758578339732 0.9999999694213582 228
1758578339736 0.9999999706736498 229
1758578339741 0.9999999716758144 230
1758578339744 0.9999999716758144 231
1758578339748 0.9999999769323042 232
1758578339752 0.9999999771827004 233
1758578339757 0.9999999781848127 234
1758578339760 0.9999999791874529 235
1758578339765 0.9999999806910836 236
1758578339768 0.9999999811920424 237
1758578339773 0.9999999826958952 238
1758578339777 0.9999999841999065 239
1758578339781 0.9999999841999065 240
1758578339784 0.9999999849519718 241
1758578339789 0.9999999857037075 242
1758578339793 0.9999999869570885 243
1758578339797 0.9999999884612623 244
1758578339801 0.9999999887119281 245
1758578339805 0.9999999889626019 246
1758578339809 0.9999999894642552 247
1758578339814 0.9999999894642552 248
1758578339817 0.9999999899656424 249
1758578339822 0.9999999909687626 250
1758578339825 0.9999999909687626 251
1758578339830 0.9999999909687626 252
1758578339833 0.9999999914702292 253
1758578339837 0.9999999919717276 254
1758578339842 0.9999999924732577 255
1758578339846 0.9999999929750222 256
1758578339850 0.9999999929750222 257
1758578339854 0.9999999929750222 258
1758578339858 0.9999999929750222 259
1758578339863 0.9999999929750222 260
1758578339867 0.9999999934766001 261
1758578339871 0.9999999942290264 262
1758578339876 0.9999999942290264 263
1758578339880 0.9999999949816791 264
1758578339884 0.9999999952325196 265
1758578339887 0.9999999952325196 266
1758578339892 0.9999999957342246 267
1758578339896 0.9999999959850889 268
1758578339900 0.999999996988626 269
1758578339903 0.99999999723953 270
1758578339908 0.9999999974904421 271
1758578339913 0.9999999974904421 272
1758578339917 0.9999999974904421 273
1758578339921 0.9999999979922901 274
1758578338943 0.945757791426677 0
