1758578341280 0.6520020642196804 0
1758578341285 0.6087382047591221 1
1758578341290 0.569316837229132 2
1758578341296 0.5333582394565235 3
1758578341301 0.5005105999076701 4
1758578341306 0.4700770136538741 5
1758578341312 0.44185239460839953 6
1758578341317 0.4159722755363762 7
1758578341324 0.3918140472157042 8
1758578341330 0.3693931354418431 9
1758578341335 0.3485858295044016 10
1758578341341 0.3289429761236063 11
1758578341347 0.31327401302473756 12
1758578341352 0.2960351675888037 13
1758578341357 0.2798967414505655 14
1758578341363 0.2648294574231099 15
1758578341369 0.2506887134671705 16
1758578341373 0.23741397172460343 17
1758578341379 0.22500514863920462 18
1758578341385 0.2133265767396727 19
1758578341390 0.20234642704295397 20
1758578341396 0.19202208770029228 21
1758578341401 0.18224192994092417 22
1758578341408 0.1730860206149434 23
1758578341414 0.165716325435167 24
1758578341420 0.15845154992586447 25
1758578341426 0.1516186913842814 26
1758578341434 0.144153489308514 27
1758578341439 0.1371217060424331 28
1758578341444 0.1304818636742401 29
1758578341450 0.12422594248066665 30
1758578341455 0.11827591762389314 31
1758578341461 0.11263886774949843 32
1758578341466 0.10790741478280698 33
1758578341471 0.10283606131653854 34
1758578341477 0.09803950516832587 35
1758578341483 0.0934974358612147 36
1758578341489 0.08917764360031999 37
1758578341495 0.08513421758692714 38
1758578341501 0.0812819084718749 39
1758578341506 0.07763788769816822 40
1758578341512 0.07416977198188096 41
1758578341517 0.07089467722545692 42
1758578341523 0.06773985354401649 43
1758578341529 0.06478644260183788 44
1758578341535 0.06198827534593786 45
1758578341541 0.059320162171705895 46
1758578341546 0.05678613590034022 47
1758578341552 0.05438164461175513 48
1758578341558 0.05206721223127753 49
1758578341563 0.049876718782753265 50
1758578341569 0.04782530689078065 51
1758578341577 0.04586211107083057 52
1758578341583 0.043981276780701344 53
1758578341588 0.04223508243598693 54
1758578341594 0.0405630530847657 55
1758578341600 0.039162837011986786 56
1758578341606 0.03762504590058162 57
1758578341612 0.03616728799106398 58
1758578341618 0.03475417879320638 59
1758578341626 0.033432226748911525 60
1758578341631 0.032209031669934426 61
1758578341637 0.030996294651906484 62
1758578341643 0.029853277851604375 63
1758578341648 0.028756005364732974 64
1758578341654 0.02770821496295897 65
1758578341660 0.02672467154111359 66
1758578341666 0.02577405405561509 67
1758578341672 0.02502459991389978 68
1758578341678 0.024136000608011302 69
1758578341684 0.023271194040713178 70
1758578341690 0.022475080255280895 71
1758578341696 0.02171842765554392 72
1758578341702 0.02101797759667358 73
1758578341708 0.020325308676746968 74
1758578341713 0.01966478686818135 75
1758578341718 0.0191020855040722 76
1758578341724 0.01848904926113738 77
1758578341729 0.017910341333348595 78
1758578341734 0.017334932083291132 79
1758578341741 0.016864008570422563 80
1758578341746 0.016347272111832265 81
1758578341752 0.015864312841467422 82
1758578341758 0.01539445703635409 83
1758578341764 0.014927411136240722 84
1758578341769 0.014500679347658101 85
1758578341776 0.014080162924633741 86
1758578341781 0.0136860889308335 87
1758578341788 0.013278978475030222 88
1758578341794 0.012912275919820816 89
1758578341799 0.012573019188464934 90
1758578341806 0.012238166406275284 91
1758578341812 0.01187273044086045 92
1758578341817 0.011532145836909561 93
1758578341823 0.011216284775050997 94
1758578341829 0.010897809085886036 95
1758578341834 0.010614402506503364 96
1758578341840 0.01032952691415546 97
1758578341846 0.010054832019122308 98
1758578341852 0.009784022373542672 99
1758578341858 0.009559490552761538 100
1758578341864 0.009321226083005124 101
1758578341871 0.009117110432691212 102
1758578341877 0.008878369482054524 103
1758578341882 0.008677927525802761 104
1758578341890 0.008464728136987594 105
1758578341895 0.008224811817643632 106
1758578341900 0.00801698757016008 107
1758578341907 0.007851022978682003 108
1758578341913 0.007632481928044315 109
1758578341918 0.007435286929831765 110
1758578341924 0.007259430421025514 111
1758578341929 0.0070899484021588926 112
1758578341935 0.006926303035926184 113
1758578341941 0.006756281843402123 114
1758578341947 0.006591107437807249 115
1758578341952 0.00646652201216084 116
1758578341958 0.006346804875246458 117
1758578341964 0.006197880907158718 118
1758578341969 0.006049339148620632 119
1758578341975 0.005930173418390267 120
1758578341980 0.005784027227391904 121
1758578341986 0.005644440037043546 122
1758578341993 0.005500742257018319 123
1758578341998 0.005376982090186809 124
1758578342005 0.005237375539057341 125
1758578342011 0.005128458292831496 126
1758578342016 0.005008813329199615 127
1758578342022 0.004897576696149095 128
1758578342028 0.004789366317967886 129
1758578342034 0.004693309153389703 130
1758578342040 0.004593077759945497 131
1758578342046 0.0044973500570752965 132
1758578342051 0.0044095446804621454 133
1758578342057 0.004316997609611972 134
1758578342063 0.0042347294570590594 135
1758578342069 0.004146155567286437 136
1758578342075 0.004076051365416911 137
1758578342081 0.003992298076458538 138
1758578342087 0.003907452046466524 139
1758578342093 0.003835009527800512 140
1758578342099 0.0037552833819597176 141
1758578342105 0.003690660298967878 142
1758578342111 0.0036223103069995006 143
1758578342117 0.00355680375025455 144
1758578342123 0.0034921566540316116 145
1758578342129 0.003426972144934335 146
1758578342135 0.0033626165990071097 147
1758578342140 0.003297919221100864 148
1758578342147 0.0032368010582531823 149
1758578342154 0.0031851139592480784 150
1758578342160 0.00313118378385014 151
1758578342166 0.003077499692706119 152
1758578342172 0.003018432637984069 153
1758578342177 0.002966368422588384 154
1758578342183 0.0029107267261006533 155
1758578342188 0.002860846327796967 156
1758578342194 0.002810641563166424 157
1758578342199 0.0027586837917802287 158
1758578342206 0.002709047940735652 159
1758578342213 0.0026564505436764466 160
1758578342218 0.002614392242641248 161
1758578342224 0.002574517582439961 162
1758578342231 0.0025302975331370804 163
1758578342236 0.0024876234238461964 164
1758578342243 0.0024481567650423298 165
1758578342249 0.0024114745938978144 166
1758578342255 0.0023695943095397515 167
1758578342261 0.0023248545348408508 168
1758578342267 0.0022853731305957476 169
1758578342273 0.002246258265277495 170
1758578342280 0.0022134231578180277 171
1758578342286 0.0021753319253096965 172
1758578342292 0.0021381008352496333 173
1758578342298 0.0021052663932044097 174
1758578342303 0.002067194746304391 175
1758578342310 0.0020359920166708695 176
1758578342316 0.002007203465815403 177
1758578342322 0.0019753052762142144 178
1758578342328 0.001944891109809819 179
1758578342334 0.0019053642735040286 180
1758578342341 0.0018741570081306294 181
1758578342347 0.001843962022326053 182
1758578342353 0.0018147810341594024 183
1758578342360 0.0017867710437210616 184
1758578342365 0.0017559493185043131 185
1758578342371 0.0017236826030530034 186
1758578342378 0.0016970436550067108 187
1758578342384 0.001670890006330237 188
1758578342389 0.001646635035124145 189
1758578342395 0.0016198970669554118 190
1758578342402 0.0015942558307445922 191
1758578342409 0.001568597216170758 192
1758578342415 0.0015452355296697669 193
1758578342422 0.0015210970901573452 194
1758578342428 0.0015008528269026397 195
1758578342434 0.0014796887518530163 196
1758578342442 0.0014537472580153908 197
1758578342448 0.0014312394036508193 198
1758578342455 0.0014077937703355244 199
1758578342461 0.001388145173464305 200
1758578342467 0.0013670099092314622 201
1758578342473 0.001346019301305966 202
1758578342481 0.0013268193401043652 203
1758578342487 0.0013071253951502874 204
1758578342493 0.001282561177252336 205
1758578342499 0.001263045562871698 206
1758578342505 0.0012440035688694943 207
1758578342513 0.001226184514140664 208
1758578342519 0.0012050471908596897 209
1758578342525 0.0011866026040618977 210
1758578342531 0.0011679572690315439 211
1758578342538 0.0011508359705319025 212
1758578342546 0.0011347974490448348 213
1758578342552 0.0011153368800627893 214
1758578342560 0.0010974883485191937 215
1758578342566 0.001080573567600157 216
1758578342572 0.0010607514586230503 217
1758578342579 0.0010467917884363306 218
1758578342585 0.0010306569740210427 219
1758578342591 0.001016686920660616 220
1758578342598 0.0010025407930439902 221
1758578342605 0.0009864770307131808 222
1758578342611 0.000973147732700622 223
1758578342618 0.0009584740337742142 224
1758578342625 0.0009437448056293569 225
1758578342632 0.0009314510488795863 226
1758578342638 0.0009161918647481225 227
1758578342645 0.0009035532952665794 228
1758578342651 0.0008899557478611401 229
1758578342658 0.0008756858113398127 230
1758578342665 0.0008622099989021788 231
1758578342671 0.0008518001109314955 232
1758578342679 0.000839682206133033 233
1758578342685 0.0008246427116504095 234
1758578342691 0.0008113695607449404 235
1758578342697 0.0008005753895929243 236
1758578342704 0.0007887845280384791 237
1758578342711 0.0007770780268133574 238
1758578342716 0.0007658343023633425 239
1758578342724 0.000754369121408852 240
1758578342730 0.0007443505138010034 241
1758578342737 0.0007316770213468514 242
1758578342743 0.000721699642356343 243
1758578342750 0.0007112038367091933 244
1758578342756 0.0007031803100621371 245
1758578342763 0.0006936147608574255 246
1758578342770 0.0006845175141337663 247
1758578342776 0.000675593193368803 248
1758578342783 0.0006660641395830672 249
1758578342789 0.0006574901138339213 250
1758578342796 0.0006479308663351292 251
1758578342802 0.0006394186571054444 252
1758578342809 0.0006287379139816144 253
1758578342816 0.0006202976233651746 254
1758578342822 0.0006124811394024101 255
1758578342828 0.000604405706153777 256
1758578342834 0.0005965306311414684 257
1758578342841 0.000587963631226345 258
1758578342846 0.0005807028232363903 259
1758578342852 0.0005728222272672484 260
1758578342858 0.0005637190955743863 261
1758578342866 0.0005568346554634348 262
1758578342872 0.00054963199527295 263
1758578342879 0.0005429538932757641 264
1758578342886 0.0005365781573515303 265
1758578342892 0.0005289119795085501 266
1758578342898 0.0005219504491988324 267
1758578342906 0.0005154672843182213 268
1758578342913 0.0005086684424366213 269
1758578342920 0.0005025977792716478 270
1758578342926 0.0004943093423060827 271
1758578342932 0.000487338812996652 272
1758578342939 0.0004817249124707983 273
1758578342945 0.00047431710924258696 274
1758578341280 0.6520020642196804 0
