1758578354654 0.945757791426677 0
1758578354659 0.9966295392937714 1
1758578354662 0.9972545670595842 2
1758578354665 0.9972783977580314 3
1758578354668 0.9972820619737007 4
1758578354671 0.9974719318710125 5
1758578354674 0.9976161464089435 6
1758578354677 0.9976186863451415 7
1758578354680 0.997639336193998 8
1758578354683 0.9978058541789725 9
1758578354686 0.9978157434217033 10
1758578354689 0.9979343370622458 11
1758578354692 0.9979360349834133 12
1758578354695 0.9979720750098641 13
1758578354698 0.997985816248728 14
1758578354701 0.9979948641739855 15
1758578354704 0.998001502972447 16
1758578354708 0.9980082163632664 17
1758578354712 0.9980124320204099 18
1758578354715 0.9980147694335022 19
1758578354717 0.99801642350272 20
1758578354720 0.998018311525281 21
1758578354723 0.9982508237924029 22
1758578354727 0.9982507229370988 23
1758578354730 0.9987697138757059 24
1758578354733 0.9990004161983644 25
1758578354736 0.999198616691383 26
1758578354739 0.999221411466843 27
1758578354742 0.9993018222388192 28
1758578354746 0.9993065065725647 29
1758578354749 0.9993142444421613 30
1758578354752 0.9993154236928575 31
1758578354755 0.9993162619321685 32
1758578354758 0.9993498503475406 33
1758578354761 0.9993495844571378 34
1758578354765 0.9993579258348563 35
1758578354767 0.9993529706314114 36
1758578354771 0.9993512228264391 37
1758578354775 0.9993560315649526 38
1758578354779 0.9993558557781367 39
1758578354782 0.9993556596518378 40
1758578354785 0.9993554501202675 41
1758578354788 0.999354258219319 42
1758578354792 0.9993575986954287 43
1758578354796 0.9993858687080517 44
1758578354800 0.9993877428530061 45
1758578354803 0.9993895611898546 46
1758578354806 0.9993831655773188 47
1758578354810 0.9993795022607566 48
1758578354813 0.999378737158837 49
1758578354817 0.9993768221568787 50
1758578354820 0.9993752335515964 51
1758578354823 0.9993754036633059 52
1758578354828 0.999373859440351 53
1758578354832 0.9993820379035815 54
1758578354835 0.9993821165602765 55
1758578354839 0.9994050740828867 56
1758578354843 0.9994045645125266 57
1758578354848 0.9994036750422951 58
1758578354851 0.9994110637038801 59
1758578354855 0.9994829962475008 60
1758578354859 0.9994810603619886 61
1758578354864 0.9994826318242528 62
1758578354868 0.9994993860168463 63
1758578354871 0.9995129895537788 64
1758578354874 0.9995252819976768 65
1758578354878 0.9995523119723738 66
1758578354883 0.9995541955989834 67
1758578354887 0.9995574122712246 68
1758578354890 0.9995793650288975 69
1758578354893 0.9995999279481239 70
1758578354897 0.9996019480126541 71
1758578354901 0.9996238298014066 72
1758578354904 0.9996240412511793 73
1758578354908 0.9996242269818643 74
1758578354912 0.999625549054389 75
1758578354916 0.9996238189214814 76
1758578354920 0.9996243783066127 77
1758578354924 0.9996266217673822 78
1758578354929 0.9996352728542317 79
1758578354934 0.9996912318161654 80
1758578354937 0.9997229804257763 81
1758578354940 0.9997216317693405 82
1758578354944 0.9997441928872873 83
1758578354948 0.9998037308319605 84
1758578354951 0.9998058222649079 85
1758578354955 0.9998099742576891 86
1758578354959 0.9998119053162889 87
1758578354964 0.9998153403007045 88
1758578354968 0.9998154412459093 89
1758578354971 0.9998163907773298 90
1758578354975 0.9998166121109371 91
1758578354979 0.9998188048174232 92
1758578354983 0.9998356167147214 93
1758578354988 0.9998385867520108 94
1758578354992 0.9998421991760059 95
1758578354996 0.9998694592344416 96
1758578355000 0.9998699107050858 97
1758578355004 0.9998888574768182 98
1758578355008 0.9998917160328382 99
1758578355012 0.9999013296013138 100
1758578355016 0.9999034574864899 101
1758578355021 0.9999004826199522 102
1758578355025 0.9998954684647856 103
1758578355029 0.99989586536824 104
1758578355033 0.9998994106841639 105
1758578355037 0.9998998997278186 106
1758578355041 0.9999015591736132 107
1758578355045 0.99990247710868 108
1758578355048 0.9999034241838173 109
1758578355053 0.9999023631538378 110
1758578355058 0.99990317135605 111
1758578355061 0.9999037469441583 112
1758578355065 0.9999079381562659 113
1758578355069 0.9999085751078138 114
1758578355073 0.9999044915943508 115
1758578355078 0.9999038977853072 116
1758578355081 0.9999047786938468 117
1758578355086 0.9999316944933535 118
1758578355089 0.9999320810229945 119
1758578355093 0.9999369601863719 120
1758578354654 0.945757791426677 0
