1758578355576 0.6520020642196804 0
1758578355580 0.608738204759122 1
1758578355584 0.569316837229132 2
1758578355588 0.5333582394565235 3
1758578355592 0.5005105999076701 4
1758578355596 0.4700770136538741 5
1758578355600 0.44185239460839953 6
1758578355604 0.4159722755363762 7
1758578355609 0.3918140472157042 8
1758578355612 0.3693931354418431 9
1758578355616 0.34858582950440165 10
1758578355620 0.3289429761236063 11
1758578355625 0.31327401302473756 12
1758578355628 0.2960351675888037 13
1758578355632 0.2798967414505655 14
1758578355636 0.2648294574231099 15
1758578355640 0.2506887134671705 16
1758578355644 0.23741397172460343 17
1758578355648 0.22500514863920462 18
1758578355653 0.2133265767396727 19
1758578355658 0.20234642704295397 20
1758578355662 0.19202208770029228 21
1758578355666 0.18224192994092417 22
1758578355671 0.1730860206149434 23
1758578355675 0.165716325435167 24
1758578355679 0.15845154992586447 25
1758578355682 0.1516186913842814 26
1758578355687 0.144153489308514 27
1758578355691 0.1371217060424331 28
1758578355695 0.1304818636742401 29
1758578355699 0.12422594248066665 30
1758578355703 0.11827591762389314 31
1758578355708 0.11263886774949843 32
1758578355711 0.10790741478280698 33
1758578355715 0.10283606131653854 34
1758578355719 0.09803950516832587 35
1758578355724 0.0934974358612147 36
1758578355728 0.08917764360031999 37
1758578355732 0.08513421758692714 38
1758578355736 0.0812819084718749 39
1758578355741 0.07763788769816822 40
1758578355745 0.07416977198188096 41
1758578355749 0.0708946772254569 42
1758578355753 0.06773985354401649 43
1758578355757 0.06478644260183788 44
1758578355761 0.06198827534593786 45
1758578355766 0.059320162171705895 46
1758578355770 0.05678613590034023 47
1758578355774 0.05438164461175513 48
1758578355778 0.05206721223127753 49
1758578355783 0.049876718782753265 50
1758578355787 0.04782530689078065 51
1758578355791 0.04586211107083057 52
1758578355795 0.04398127678070135 53
1758578355799 0.04223508243598693 54
1758578355804 0.0405630530847657 55
1758578355808 0.039162837011986786 56
1758578355812 0.03762504590058162 57
1758578355816 0.03616728799106398 58
1758578355821 0.03475417879320638 59
1758578355825 0.033432226748911525 60
1758578355830 0.03220903166993443 61
1758578355834 0.030996294651906484 62
1758578355838 0.02985327785160438 63
1758578355843 0.028756005364732974 64
1758578355847 0.02770821496295897 65
1758578355851 0.026724671541113586 66
1758578355857 0.02577405405561509 67
1758578355861 0.02502459991389978 68
1758578355865 0.024136000608011306 69
1758578355869 0.023271194040713178 70
1758578355874 0.022475080255280895 71
1758578355878 0.021718427655543923 72
1758578355883 0.02101797759667358 73
1758578355887 0.02032530867674697 74
1758578355891 0.01966478686818135 75
1758578355896 0.0191020855040722 76
1758578355900 0.01848904926113738 77
1758578355904 0.017910341333348595 78
1758578355909 0.01733493208329113 79
1758578355914 0.016864008570422563 80
1758578355918 0.016347272111832265 81
1758578355923 0.015864312841467422 82
1758578355929 0.01539445703635409 83
1758578355933 0.01492741113624072 84
1758578355937 0.014500679347658103 85
1758578355942 0.014080162924633741 86
1758578355947 0.0136860889308335 87
1758578355951 0.013278978475030224 88
1758578355956 0.012912275919820816 89
1758578355960 0.012573019188464934 90
1758578355965 0.012238166406275284 91
1758578355969 0.01187273044086045 92
1758578355974 0.011532145836909561 93
1758578355978 0.011216284775050997 94
1758578355983 0.010897809085886036 95
1758578355987 0.010614402506503364 96
1758578355992 0.01032952691415546 97
1758578355997 0.010054832019122308 98
1758578356001 0.009784022373542672 99
1758578356005 0.009559490552761538 100
1758578356010 0.009321226083005124 101
1758578356015 0.009117110432691212 102
1758578356019 0.008878369482054524 103
1758578356023 0.008677927525802761 104
1758578356028 0.008464728136987594 105
1758578356033 0.008224811817643632 106
1758578356037 0.00801698757016008 107
1758578356042 0.007851022978682001 108
1758578356047 0.007632481928044314 109
1758578356052 0.007435286929831765 110
1758578356056 0.007259430421025514 111
1758578356061 0.0070899484021588926 112
1758578356066 0.006926303035926184 113
1758578356070 0.006756281843402123 114
1758578356074 0.006591107437807249 115
1758578356079 0.00646652201216084 116
1758578356084 0.006346804875246456 117
1758578356088 0.006197880907158718 118
1758578356092 0.006049339148620632 119
1758578356097 0.005930173418390267 120
1758578355576 0.6520020642196804 0
