1758578179483 0.007705895617166138 0
1758578179487 0.006928208120922772 1
1758578179492 0.006390303040082272 2
1758578179496 0.0060252488154627195 3
1758578179500 0.005718042539892993 4
1758578179504 0.005513514774439781 5
1758578179508 0.0052915862597765345 6
1758578179512 0.005100992604676746 7
1758578179516 0.004916744797327 8
1758578179519 0.004765985343288758 9
1758578179524 0.004616187052254125 10
1758578179528 0.004492944683720126 11
1758578179533 0.004372818792751168 12
1758578179536 0.004263802671123485 13
1758578179541 0.0041629243656040316 14
1758578179545 0.004059938043312776 15
1758578179549 0.00396835872797969 16
1758578179552 0.0038553282256831322 17
1758578179557 0.003771817654632404 18
1758578179561 0.0036779336943063095 19
1758578179566 0.003607533497655797 20
1758578179570 0.003537090165540021 21
1758578179574 0.003463609812870597 22
1758578179578 0.003404907030642727 23
1758578179582 0.003344828054034389 24
1758578179587 0.0032869876766916804 25
1758578179591 0.0032064719817260796 26
1758578179595 0.0031434270760089525 27
1758578179599 0.003083849793818926 28
1758578179603 0.0030276419074748424 29
1758578179608 0.0029755407259333543 30
1758578179612 0.0029090288020749188 31
1758578179615 0.0028526801248451063 32
1758578179619 0.0028111257239905336 33
1758578179624 0.0027635916370017314 34
1758578179628 0.0026848448640696466 35
1758578179632 0.0026497300786761106 36
1758578179636 0.002586170090480044 37
1758578179640 0.002520275978229756 38
1758578179644 0.0024744222244263816 39
1758578179649 0.002432508541880185 40
1758578179653 0.002397692463833368 41
1758578179657 0.0023580176882960473 42
1758578179661 0.0023267257422898437 43
1758578179666 0.00229091651913268 44
1758578179670 0.0022515242424914254 45
1758578179674 0.0022180514991510824 46
1758578179678 0.0021579463989329453 47
1758578179682 0.0020827714742308544 48
1758578179685 0.0020574117588998196 49
1758578179690 0.002024034462978304 50
1758578179694 0.0019907564719362906 51
1758578179698 0.001963832548235439 52
1758578179702 0.0019346473906012578 53
1758578179707 0.0019108981124923363 54
1758578179711 0.0018858114909420481 55
1758578179715 0.0018560398777284519 56
1758578179719 0.0018301373085805967 57
1758578179724 0.0018096088892159273 58
1758578179728 0.0017823465388819711 59
1758578179732 0.0017605861853929405 60
1758578179736 0.0017324933618917601 61
1758578179740 0.0017119706298707245 62
1758578179744 0.0016910984172504783 63
1758578179748 0.0016726556324037868 64
1758578179752 0.0016542556730652792 65
1758578179757 0.0016357967723871806 66
1758578179761 0.0016186668643821294 67
1758578179765 0.001597716296988296 68
1758578179769 0.00158204385283383 69
1758578179774 0.0015664075465763802 70
1758578179778 0.0015452256634316992 71
1758578179782 0.0015256899374895105 72
1758578179786 0.0015052166369944836 73
1758578179791 0.0014801131689394249 74
1758578179795 0.0014638324304329718 75
1758578179799 0.0014489289059185762 76
1758578179803 0.0014350918593061903 77
1758578179808 0.0014169538018829596 78
1758578179812 0.0014038882039778 79
1758578179816 0.0013854626378889728 80
1758578179820 0.0013734617472272244 81
1758578179825 0.0013609138723253813 82
1758578179829 0.001347332694365007 83
1758578179833 0.0013298738380269621 84
1758578179837 0.0013110795178031011 85
1758578179842 0.0012923796457234608 86
1758578179846 0.0012792967731615394 87
1758578179851 0.0012636908432458991 88
1758578179855 0.0012518357028658935 89
1758578179860 0.001237941563724073 90
1758578179864 0.001227522971242949 91
1758578179868 0.0012124673657224882 92
1758578179872 0.0012020762939943409 93
1758578179876 0.0011896927340241466 94
1758578179880 0.0011801189303846146 95
1758578179884 0.001168027284534752 96
1758578179888 0.0011555125929521698 97
1758578179893 0.0011427833928667997 98
1758578179897 0.0011350584379989852 99
1758578179901 0.0011189557717692685 100
1758578179906 0.0011120564973837272 101
1758578179911 0.0011037592830163508 102
1758578179915 0.0010936137171300602 103
1758578179919 0.0010844725649988396 104
1758578179924 0.001073454252488061 105
1758578179929 0.0010614360283521286 106
1758578179933 0.0010519581585462215 107
1758578179937 0.0010392059499604136 108
1758578179942 0.0010316269962490048 109
1758578179947 0.0010206099040449541 110
1758578179952 0.001012653626902112 111
1758578179956 0.0010070615398139037 112
1758578179961 0.0009972574207809048 113
1758578179965 0.000987639187551035 114
1758578179969 0.0009786366694295866 115
1758578179974 0.0009724104063259589 116
1758578179979 0.000964414651673526 117
1758578179983 0.0009568594169688759 118
1758578179987 0.000949692217136256 119
1758578179992 0.0009394826289746567 120
1758578179997 0.000934130360667565 121
1758578180001 0.0009227019902094208 122
1758578180006 0.0009138216881559838 123
1758578180010 0.0009071960080700011 124
1758578180014 0.0008988772604752287 125
1758578180018 0.0008883374485292885 126
1758578180023 0.0008808243395359146 127
1758578180028 0.0008738206055183963 128
1758578180032 0.000865106376922069 129
1758578179483 0.007705895617166138 0
