1758578178579 0.11661184532210152 0
1758578178582 0.13283726316338085 1
1758578178584 0.13596490425926414 2
1758578178588 0.143963502063441 3
1758578178591 0.14443813926855598 4
1758578178594 0.2934466860346501 5
1758578178596 0.2960554012231246 6
1758578178599 0.29646109476010263 7
1758578178601 0.297980698910754 8
1758578178605 0.29996646271943234 9
1758578178608 0.3014045259841068 10
1758578178611 0.34586947336022444 11
1758578178613 0.3608928279366928 12
1758578178616 0.3650077280681776 13
1758578178618 0.3654502060252024 14
1758578178621 0.3699247307724549 15
1758578178624 0.3777483514732 16
1758578178627 0.38547692346229245 17
1758578178630 0.3952277635701324 18
1758578178633 0.3996783609961171 19
1758578178635 0.41805481170365827 20
1758578178638 0.4211984824745333 21
1758578178641 0.42433604997751323 22
1758578178644 0.4389453789885983 23
1758578178647 0.44888138678758893 24
1758578178649 0.43880108585509514 25
1758578178652 0.4614689304382779 26
1758578178655 0.4655162558751662 27
1758578178659 0.4741143065872762 28
1758578178661 0.47855880585901717 29
1758578178664 0.4826438934273418 30
1758578178667 0.49142451413862576 31
1758578178670 0.49544293697352143 32
1758578178672 0.5000881821256755 33
1758578178675 0.5051827816203439 34
1758578178678 0.5098152556544192 35
1758578178680 0.521859185154802 36
1758578178683 0.531469104636086 37
1758578178686 0.5443126416249858 38
1758578178689 0.5533303093726661 39
1758578178692 0.562151801782023 40
1758578178695 0.571129908919983 41
1758578178698 0.5818472718623601 42
1758578178701 0.5886951540500182 43
1758578178704 0.5953154837320211 44
1758578178707 0.6089100275860131 45
1758578178710 0.6206309681155308 46
1758578178713 0.6295869143114963 47
1758578178716 0.6451610737707174 48
1758578178719 0.6532597867138359 49
1758578178722 0.6620190115012234 50
1758578178725 0.6708924675363066 51
1758578178728 0.6784098934731237 52
1758578178730 0.689727521445936 53
1758578178733 0.7058748588033233 54
1758578178736 0.7144368464891347 55
1758578178739 0.7213842822701465 56
1758578178742 0.7311369330186545 57
1758578178745 0.7384607498102667 58
1758578178748 0.7481465662157439 59
1758578178750 0.7573555037885994 60
1758578178753 0.7667602313062671 61
1758578178757 0.7744168419021349 62
1758578178760 0.7799329739212227 63
1758578178763 0.7868377329326939 64
1758578178766 0.7921604279014579 65
1758578178769 0.7988242113883655 66
1758578178772 0.8037591952410924 67
1758578178776 0.8102327669526319 68
1758578178779 0.8169887216385348 69
1758578178782 0.823636393925545 70
1758578178785 0.8319876840375754 71
1758578178788 0.8379521373286131 72
1758578178792 0.8459445745881837 73
1758578178795 0.8538892263731679 74
1758578178798 0.8576296195730003 75
1758578178801 0.8646663776963337 76
1758578178805 0.8711454850424767 77
1758578178808 0.8804713381437274 78
1758578178811 0.8816160387707174 79
1758578178814 0.8905511413365309 80
1758578178817 0.8911174970297463 81
1758578178820 0.8953347553224329 82
1758578178824 0.9018549732871085 83
1758578178828 0.9077820288688054 84
1758578178831 0.9161015330452934 85
1758578178834 0.9203729190581478 86
1758578178838 0.9235170800185823 87
1758578178842 0.9275977361770742 88
1758578178845 0.93082305232122 89
1758578178848 0.9320492971007389 90
1758578178851 0.9363576587950375 91
1758578178855 0.9401957631388421 92
1758578178859 0.9414773755093199 93
1758578178861 0.9438463040865465 94
1758578178864 0.9455298905477639 95
1758578178867 0.9479169382999562 96
1758578178870 0.9519781483325825 97
1758578178873 0.9561643787555099 98
1758578178877 0.9578354539355475 99
1758578178880 0.9601244815044578 100
1758578178883 0.960788794547554 101
1758578178886 0.9624585686772323 102
1758578178889 0.9639090057303323 103
1758578178893 0.9663429105350896 104
1758578178896 0.9658984623014766 105
1758578178899 0.9681511515710229 106
1758578178902 0.968168133809687 107
1758578178906 0.9715811319876884 108
1758578178910 0.9716948030115073 109
1758578178913 0.9740412208433269 110
1758578178917 0.9774411502866759 111
1758578178920 0.9774411502866759 112
1758578178924 0.9783815879519797 113
1758578178927 0.9819312095136588 114
1758578178930 0.9820192549514626 115
1758578178933 0.9823066724519949 116
1758578178936 0.9824877931034848 117
1758578178940 0.9856386367995531 118
1758578178943 0.9856889302028577 119
1758578178946 0.9870151162933156 120
1758578178949 0.9870151162933156 121
1758578178952 0.9888504485328754 122
1758578178955 0.989132916999123 123
1758578178959 0.989132916999123 124
1758578178962 0.9893524077805101 125
1758578178966 0.9903850421956356 126
1758578178970 0.9906536353233563 127
1758578178973 0.9929182944553191 128
1758578178977 0.9942074470933939 129
1758578178579 0.11661184532210152 0
