1758578184703 0.007705895617166138 0
1758578184707 0.006928208120922772 1
1758578184711 0.006390303040082271 2
1758578184715 0.0060252488154627195 3
1758578184719 0.005718042539892992 4
1758578184723 0.005513514774439782 5
1758578184728 0.0052915862597765345 6
1758578184732 0.005100992604676746 7
1758578184736 0.004916744797327 8
1758578184739 0.004765985343288757 9
1758578184744 0.004616187052254125 10
1758578184748 0.004492944683720126 11
1758578184752 0.004372818792751168 12
1758578184755 0.004263802671123485 13
1758578184760 0.004162924365604031 14
1758578184764 0.004059938043312777 15
1758578184768 0.00396835872797969 16
1758578184771 0.0038553282256831322 17
1758578184775 0.0037718176546324036 18
1758578184779 0.0036779336943063095 19
1758578184783 0.003607533497655797 20
1758578184787 0.003537090165540021 21
1758578184791 0.003463609812870597 22
1758578184795 0.003404907030642727 23
1758578184799 0.0033448280540343896 24
1758578184803 0.0032869876766916804 25
1758578184807 0.0032064719817260796 26
1758578184812 0.0031434270760089525 27
1758578184816 0.003083849793818926 28
1758578184820 0.0030276419074748424 29
1758578184824 0.0029755407259333543 30
1758578184828 0.0029090288020749188 31
1758578184832 0.0028526801248451063 32
1758578184836 0.0028111257239905336 33
1758578184840 0.0027635916370017314 34
1758578184845 0.0026848448640696466 35
1758578184849 0.0026497300786761106 36
1758578184853 0.002586170090480044 37
1758578184857 0.0025202759782297557 38
1758578184861 0.0024744222244263816 39
1758578184866 0.0024325085418801847 40
1758578184870 0.002397692463833368 41
1758578184875 0.0023580176882960473 42
1758578184879 0.0023267257422898437 43
1758578184883 0.00229091651913268 44
1758578184887 0.0022515242424914254 45
1758578184891 0.0022180514991510824 46
1758578184896 0.002157946398932945 47
1758578184900 0.0020827714742308544 48
1758578184904 0.0020574117588998196 49
1758578184908 0.002024034462978304 50
1758578184913 0.00199075647193629 51
1758578184917 0.001963832548235439 52
1758578184921 0.0019346473906012578 53
1758578184924 0.0019108981124923363 54
1758578184929 0.001885811490942048 55
1758578184933 0.0018560398777284516 56
1758578184937 0.0018301373085805967 57
1758578184941 0.0018096088892159273 58
1758578184946 0.0017823465388819714 59
1758578184950 0.0017605861853929405 60
1758578184954 0.0017324933618917601 61
1758578184958 0.0017119706298707245 62
1758578184962 0.0016910984172504783 63
1758578184966 0.0016726556324037868 64
1758578184970 0.001654255673065279 65
1758578184974 0.001635796772387181 66
1758578184979 0.0016186668643821294 67
1758578184983 0.001597716296988296 68
1758578184987 0.0015820438528338298 69
1758578184991 0.0015664075465763802 70
1758578184995 0.0015452256634316992 71
1758578184999 0.0015256899374895105 72
1758578185003 0.0015052166369944834 73
1758578185007 0.0014801131689394249 74
1758578185012 0.0014638324304329718 75
1758578185016 0.0014489289059185762 76
1758578185020 0.0014350918593061903 77
1758578185023 0.0014169538018829594 78
1758578185028 0.0014038882039778 79
1758578185032 0.0013854626378889728 80
1758578185036 0.0013734617472272244 81
1758578185041 0.0013609138723253813 82
1758578185045 0.001347332694365007 83
1758578185050 0.0013298738380269621 84
1758578185054 0.0013110795178031011 85
1758578185057 0.0012923796457234608 86
1758578185062 0.0012792967731615394 87
1758578185066 0.0012636908432458991 88
1758578185070 0.0012518357028658935 89
1758578185074 0.001237941563724073 90
1758578185079 0.0012275229712429491 91
1758578185083 0.0012124673657224882 92
1758578185087 0.001202076293994341 93
1758578185091 0.0011896927340241466 94
1758578185096 0.0011801189303846146 95
1758578185100 0.001168027284534752 96
1758578185104 0.0011555125929521696 97
1758578185108 0.0011427833928668 98
1758578185112 0.0011350584379989852 99
1758578185116 0.0011189557717692685 100
1758578185120 0.0011120564973837272 101
1758578185124 0.0011037592830163508 102
1758578185129 0.0010936137171300602 103
1758578185133 0.0010844725649988396 104
1758578185137 0.001073454252488061 105
1758578185142 0.0010614360283521286 106
1758578185146 0.0010519581585462213 107
1758578185151 0.0010392059499604136 108
1758578185155 0.0010316269962490048 109
1758578185159 0.0010206099040449541 110
1758578185164 0.0010126536269021117 111
1758578185168 0.0010070615398139037 112
1758578185173 0.0009972574207809048 113
1758578185177 0.000987639187551035 114
1758578185182 0.0009786366694295866 115
1758578185186 0.0009724104063259589 116
1758578185190 0.0009644146516735263 117
1758578185194 0.0009568594169688759 118
1758578185199 0.0009496922171362562 119
1758578185203 0.0009394826289746566 120
1758578185207 0.0009341303606675651 121
1758578185212 0.0009227019902094208 122
1758578185217 0.0009138216881559839 123
1758578185221 0.0009071960080700011 124
1758578185225 0.0008988772604752287 125
1758578185230 0.0008883374485292885 126
1758578185235 0.0008808243395359146 127
1758578185240 0.0008738206055183963 128
1758578184703 0.007705895617166138 0
