1758578144366 0.1601971818328965 0
1758578144369 0.3241084147295782 1
1758578144371 0.5153000206518865 2
1758578144374 0.585144320069474 3
1758578144377 0.6143988619982879 4
1758578144380 0.6819788655099842 5
1758578144382 0.70023944151838 6
1758578144385 0.7241145719150138 7
1758578144387 0.7346129760112428 8
1758578144390 0.7504841659872667 9
1758578144392 0.7613441083584599 10
1758578144396 0.7742489624200737 11
1758578144398 0.7859366529184634 12
1758578144401 0.8066657603408676 13
1758578144404 0.8277780129701615 14
1758578144406 0.8415614297743873 15
1758578144409 0.8542972401094435 16
1758578144412 0.8631487434438079 17
1758578144415 0.8737010537768786 18
1758578144417 0.8783927218049767 19
1758578144420 0.8868285100376445 20
1758578144422 0.8927635141820831 21
1758578144425 0.8969547452770329 22
1758578144428 0.901449579848892 23
1758578144431 0.9072023173033396 24
1758578144434 0.918264613300463 25
1758578144437 0.9210543367115579 26
1758578144439 0.9244567122176716 27
1758578144442 0.9286148734815314 28
1758578144445 0.931805122605498 29
1758578144448 0.9381967405129401 30
1758578144451 0.9393322959298142 31
1758578144454 0.9425202186730331 32
1758578144456 0.9490937219469967 33
1758578144459 0.9509135502175401 34
1758578144462 0.9551967039190771 35
1758578144465 0.9645738933614301 36
1758578144468 0.9688432600865419 37
1758578144471 0.9729031511256936 38
1758578144473 0.9749911169943302 39
1758578144476 0.9783903892704815 40
1758578144479 0.9797334885049466 41
1758578144482 0.9798319630596606 42
1758578144485 0.979985184559564 43
1758578144488 0.9793546675356043 44
1758578144490 0.9818705859456438 45
1758578144493 0.9839157065547632 46
1758578144496 0.9873141726560426 47
1758578144499 0.9879703674026319 48
1758578144502 0.9879703674026319 49
1758578144505 0.989554861447422 50
1758578144507 0.9902929986922279 51
1758578144510 0.9907773333466444 52
1758578144513 0.9916075140948579 53
1758578144516 0.9927714553053263 54
1758578144519 0.9932875474591156 55
1758578144522 0.9932875474591156 56
1758578144524 0.9932875474591156 57
1758578144527 0.9940591103732634 58
1758578144530 0.9955011631786562 59
1758578144533 0.9965051221392898 60
1758578144536 0.9968265621907202 61
1758578144539 0.9968265621907202 62
1758578144542 0.9965051221392898 63
1758578144545 0.9965051221392898 64
1758578144548 0.9971418207027 65
1758578144551 0.9971418207027 66
1758578144554 0.9971418207027 67
1758578144557 0.9977547132116643 68
1758578144560 0.9983455158516472 69
1758578144563 0.9986331201081903 70
1758578144566 0.9986331201081903 71
1758578144569 0.9986331201081903 72
1758578144572 0.9986331201081903 73
1758578144574 0.9986331201081903 74
1758578144578 0.9994668446740818 75
1758578144581 0.9997355896351137 76
1758578144584 0.9997355896351137 77
1758578144587 0.9994668446740818 78
1758578144589 0.9997355896351137 79
1758578144592 0.9997355896351137 80
1758578144596 0.9997355896351137 81
1758578144599 1.0 82
1758578144601 1.0 83
1758578144604 0.9997355896351137 84
1758578144607 0.9997355896351137 85
1758578144610 1.0 86
1758578144613 1.0 87
1758578144616 1.0 88
1758578144619 1.0 89
1758578144622 1.0 90
1758578144625 1.0 91
1758578144628 1.0 92
1758578144631 1.0 93
1758578144634 1.0 94
1758578144637 1.0 95
1758578144640 1.0 96
1758578144643 1.0 97
1758578144646 1.0 98
1758578144649 1.0 99
1758578144652 1.0 100
1758578144655 1.0 101
1758578144658 1.0 102
1758578144661 1.0 103
1758578144665 1.0 104
1758578144668 1.0 105
1758578144670 1.0 106
1758578144673 1.0 107
1758578144677 1.0 108
1758578144680 1.0 109
1758578144683 1.0 110
1758578144686 1.0 111
1758578144688 1.0 112
1758578144691 1.0 113
1758578144695 1.0 114
1758578144698 1.0 115
1758578144701 1.0 116
1758578144704 1.0 117
1758578144707 1.0 118
1758578144711 1.0 119
1758578144714 1.0 120
1758578144717 1.0 121
1758578144720 1.0 122
1758578144723 1.0 123
1758578144726 1.0 124
1758578144730 1.0 125
1758578144733 1.0 126
1758578144366 0.1601971818328965 0
