1758578145179 0.01179851630282589 0
1758578145183 0.0041496333859767556 1
1758578145186 0.0036908232564962064 2
1758578145190 0.0034040112325773005 3
1758578145194 0.0031872580427960945 4
1758578145198 0.003026720552123086 5
1758578145202 0.002879717915811207 6
1758578145205 0.0027373370763519593 7
1758578145209 0.002625922272815657 8
1758578145213 0.0025119708943580534 9
1758578145217 0.002409033252323116 10
1758578145221 0.0023048220000394465 11
1758578145224 0.002237629669958414 12
1758578145228 0.0021586892516606707 13
1758578145232 0.0020770920037379123 14
1758578145236 0.0019953409596611222 15
1758578145239 0.0019042065603422727 16
1758578145243 0.001833263010926379 17
1758578145247 0.00177051591346329 18
1758578145251 0.0017236071130293975 19
1758578145254 0.0016666873783703529 20
1758578145258 0.0016186956915357736 21
1758578145262 0.0015693777902183285 22
1758578145266 0.0015232669504926266 23
1758578145270 0.0014763857669020488 24
1758578145273 0.0014315801875486322 25
1758578145277 0.001393613109849875 26
1758578145281 0.0013571077306135883 27
1758578145285 0.0013142227464141574 28
1758578145288 0.0012784562193272403 29
1758578145292 0.00123699387232235 30
1758578145296 0.0011987115572186188 31
1758578145300 0.0011630942623828593 32
1758578145304 0.001103953379479894 33
1758578145308 0.001074282860950012 34
1758578145312 0.0010435192248798174 35
1758578145316 0.0009867368175653028 36
1758578145319 0.0009547940223699223 37
1758578145323 0.0009249027788523858 38
1758578145327 0.0008999626948320057 39
1758578145331 0.0008734862982237486 40
1758578145335 0.0008530102232869477 41
1758578145338 0.0008306034646920262 42
1758578145342 0.000808721493123554 43
1758578145346 0.0007901775318903436 44
1758578145350 0.0007657700174134668 45
1758578145354 0.0007425218283372639 46
1758578145357 0.0007211264846573421 47
1758578145362 0.000706042035999477 48
1758578145366 0.0006907430006188421 49
1758578145369 0.0006741886057019833 50
1758578145373 0.0006540000980795618 51
1758578145377 0.0006384315599447358 52
1758578145381 0.0006241470532989386 53
1758578145385 0.0006095481682374189 54
1758578145389 0.0005931553808536061 55
1758578145393 0.0005792250805644394 56
1758578145397 0.0005671907777945336 57
1758578145401 0.0005514989870786783 58
1758578145405 0.0005404081538441223 59
1758578145408 0.000529147239449954 60
1758578145413 0.0005172773610551104 61
1758578145416 0.0005068687620242156 62
1758578145421 0.0004962268567654645 63
1758578145424 0.0004864896993733822 64
1758578145429 0.00047661200375789445 65
1758578145433 0.00046389598744925754 66
1758578145437 0.000453920350336489 67
1758578145441 0.00044268263418888713 68
1758578145445 0.0004334700679192963 69
1758578145450 0.0004251002712870207 70
1758578145453 0.00041577049998681924 71
1758578145457 0.00040555181260610446 72
1758578145462 0.000394866724680994 73
1758578145466 0.00038741750486944875 74
1758578145470 0.0003803087541558554 75
1758578145474 0.00037068480168890735 76
1758578145478 0.0003638663862798582 77
1758578145482 0.00035556199416861457 78
1758578145486 0.00034874286208048017 79
1758578145490 0.00034107124280625283 80
1758578145494 0.00033498400354355876 81
1758578145498 0.0003267895954654825 82
1758578145502 0.0003206848058584857 83
1758578145506 0.0003138328965610449 84
1758578145510 0.00030748502801511234 85
1758578145514 0.00030155789274786054 86
1758578145518 0.0002960369941844768 87
1758578145522 0.00029025822503728026 88
1758578145526 0.00028434588705958803 89
1758578145531 0.0002793253438189893 90
1758578145535 0.00027501572454969453 91
1758578145538 0.0002694923885542228 92
1758578145542 0.00026433730662960627 93
1758578145547 0.00025975644462114826 94
1758578145551 0.00025449076764068773 95
1758578145555 0.00025016941033252405 96
1758578145559 0.00024539774959205787 97
1758578145563 0.00024063345828663385 98
1758578145567 0.0002350175423804269 99
1758578145571 0.00023093373713517902 100
1758578145575 0.0002258737075606252 101
1758578145579 0.0002215856251253028 102
1758578145583 0.00021796796938052432 103
1758578145587 0.00021356594021872572 104
1758578145591 0.00021030507156438773 105
1758578145595 0.00020707366750350614 106
1758578145600 0.0002040309832732272 107
1758578145604 0.00020112899273570616 108
1758578145608 0.00019755593631597953 109
1758578145612 0.0001929004750194257 110
1758578145616 0.0001898040568995585 111
1758578145620 0.00018680260457505128 112
1758578145624 0.00018405350494904706 113
1758578145628 0.00018088038273832068 114
1758578145633 0.00017777058063788844 115
1758578145637 0.00017450623687483743 116
1758578145640 0.00017167972050294184 117
1758578145645 0.00016830378252548082 118
1758578145649 0.00016536011527689057 119
1758578145653 0.00016205231335402243 120
1758578145657 0.00015951445172079679 121
1758578145661 0.00015726353323098578 122
1758578145665 0.0001541996228714753 123
1758578145669 0.00015201673742711253 124
1758578145673 0.00014901619082287977 125
1758578145678 0.0001463008878657866 126
1758578145179 0.01179851630282589 0
