1758578206974 0.11661184532210152 0
1758578206977 0.13283726316338085 1
1758578206980 0.13596490425926414 2
1758578206983 0.143963502063441 3
1758578206986 0.14443813926855598 4
1758578206989 0.2934466860346501 5
1758578206991 0.2960554012231246 6
1758578206994 0.29646109476010263 7
1758578206997 0.297980698910754 8
1758578207001 0.29996646271943234 9
1758578207004 0.3014045259841068 10
1758578207006 0.34586947336022444 11
1758578207009 0.3608928279366928 12
1758578207012 0.3650077280681776 13
1758578207015 0.3654502060252024 14
1758578207018 0.3699247307724549 15
1758578207021 0.3777483514732 16
1758578207024 0.38547692346229245 17
1758578207027 0.3952277635701324 18
1758578207030 0.3996783609961171 19
1758578207032 0.41805481170365827 20
1758578207036 0.4211984824745333 21
1758578207039 0.42433604997751323 22
1758578207042 0.4389453789885983 23
1758578207045 0.44888138678758893 24
1758578207048 0.43880108585509514 25
1758578207052 0.4614689304382779 26
1758578207055 0.4655162558751662 27
1758578207058 0.4741143065872762 28
1758578207062 0.47855880585901717 29
1758578207064 0.4826438934273418 30
1758578207068 0.49142451413862576 31
1758578207071 0.49544293697352143 32
1758578207074 0.5000881821256755 33
1758578207077 0.5051827816203439 34
1758578207080 0.5098152556544192 35
1758578207083 0.521859185154802 36
1758578207086 0.531469104636086 37
1758578207089 0.5443126416249858 38
1758578207093 0.5533303093726661 39
1758578207096 0.562151801782023 40
1758578207098 0.571129908919983 41
1758578207102 0.5818472718623601 42
1758578207105 0.5886951540500182 43
1758578207109 0.5953154837320211 44
1758578207112 0.6089100275860131 45
1758578207115 0.6206309681155308 46
1758578207118 0.6295869143114963 47
1758578207121 0.6451610737707174 48
1758578207124 0.6532597867138359 49
1758578207128 0.6620190115012234 50
1758578207130 0.6708924675363066 51
1758578207134 0.6784098934731237 52
1758578207137 0.689727521445936 53
1758578207141 0.7058748588033233 54
1758578207144 0.7144368464891347 55
1758578207147 0.7213842822701465 56
1758578207151 0.7311369330186545 57
1758578207155 0.7384607498102667 58
1758578207158 0.7481465662157439 59
1758578207162 0.7573555037885994 60
1758578207165 0.7667602313062671 61
1758578207168 0.7744168419021349 62
1758578207171 0.7799329739212227 63
1758578207175 0.7868377329326939 64
1758578207178 0.7921604279014579 65
1758578207181 0.7988242113883655 66
1758578207184 0.8037591952410924 67
1758578207187 0.8102327669526319 68
1758578207191 0.8169887216385348 69
1758578207194 0.823636393925545 70
1758578207197 0.8319876840375754 71
1758578207200 0.8379521373286131 72
1758578207203 0.8459445745881837 73
1758578207206 0.8538892263731679 74
1758578207209 0.8576296195730003 75
1758578207213 0.8646663776963337 76
1758578207216 0.8711454850424767 77
1758578207220 0.8804713381437274 78
1758578207224 0.8816160387707174 79
1758578207227 0.8905511413365309 80
1758578207230 0.8911174970297463 81
1758578207233 0.8953347553224329 82
1758578207237 0.9018549732871085 83
1758578207241 0.9077820288688054 84
1758578207244 0.9161015330452934 85
1758578207247 0.9203729190581478 86
1758578207251 0.9235170800185823 87
1758578207254 0.9275977361770742 88
1758578207257 0.93082305232122 89
1758578207260 0.9320492971007389 90
1758578207263 0.9363576587950375 91
1758578207267 0.9401957631388421 92
1758578207270 0.9414773755093199 93
1758578207273 0.9438463040865465 94
1758578207277 0.9455298905477639 95
1758578207280 0.9479169382999562 96
1758578207283 0.9519781483325825 97
1758578207287 0.9561643787555099 98
1758578207291 0.9578354539355475 99
1758578207294 0.9601244815044578 100
1758578207297 0.960788794547554 101
1758578207301 0.9624585686772323 102
1758578207306 0.9639090057303323 103
1758578207311 0.9663429105350896 104
1758578207314 0.9658984623014766 105
1758578207318 0.9681511515710229 106
1758578207322 0.968168133809687 107
1758578207326 0.9715811319876884 108
1758578207329 0.9716948030115073 109
1758578207333 0.9740412208433269 110
1758578207338 0.9774411502866759 111
1758578207342 0.9774411502866759 112
1758578207346 0.9783815879519797 113
1758578207349 0.9819312095136588 114
1758578207354 0.9820192549514626 115
1758578207357 0.9823066724519949 116
1758578207362 0.9824877931034848 117
1758578207366 0.9856386367995531 118
1758578207371 0.9856889302028577 119
1758578207375 0.9870151162933156 120
1758578207379 0.9870151162933156 121
1758578207382 0.9888504485328754 122
1758578207386 0.989132916999123 123
1758578207389 0.989132916999123 124
1758578207392 0.9893524077805101 125
1758578207396 0.9903850421956356 126
1758578207400 0.9906536353233563 127
1758578207404 0.9929182944553191 128
1758578207409 0.9942074470933939 129
1758578207414 0.9942074470933939 130
1758578207418 0.9942074470933939 131
1758578207421 0.9943091739286661 132
1758578207425 0.9954916266142302 133
1758578207431 0.9959508688645172 134
1758578207436 0.9959508688645172 135
1758578207442 0.9965525137284572 136
1758578207447 0.9970892038143276 137
1758578207451 0.9973410232094575 138
1758578207456 0.9976286274660005 139
1758578207460 0.9981516576438497 140
1758578207463 0.9983996735168655 141
1758578207467 0.9983996735168655 142
1758578207472 0.9989157656706549 143
1758578207476 0.9989157656706549 144
1758578207479 0.9989157656706549 145
1758578207483 0.9991936206303659 146
1758578207488 0.9989157656706549 147
1758578207492 0.9994668446740818 148
1758578207496 0.9994668446740818 149
1758578207500 0.9994668446740818 150
1758578207505 0.9994668446740818 151
1758578207510 0.9994668446740818 152
1758578207514 0.9994668446740818 153
1758578207518 0.9994668446740818 154
1758578207522 0.9994668446740818 155
1758578207526 0.9994668446740818 156
1758578207530 0.9994668446740818 157
1758578207534 0.9994668446740818 158
1758578207538 0.9994668446740818 159
1758578207543 0.9994668446740818 160
1758578207547 0.9997355896351137 161
1758578207550 0.9997355896351137 162
1758578207555 0.9997355896351137 163
1758578207559 1.0 164
1758578207564 0.9997355896351137 165
1758578207567 0.9997355896351137 166
1758578207572 0.9997355896351137 167
1758578207578 0.9997355896351137 168
1758578207582 0.9997355896351137 169
1758578207586 0.9997355896351137 170
1758578207590 1.0 171
1758578207594 1.0 172
1758578207598 1.0 173
1758578207602 1.0 174
1758578207606 1.0 175
1758578207609 1.0 176
1758578207613 1.0 177
1758578207616 1.0 178
1758578207621 1.0 179
1758578207624 1.0 180
1758578207629 1.0 181
1758578207632 1.0 182
1758578207637 1.0 183
1758578207642 1.0 184
1758578207646 1.0 185
1758578207650 1.0 186
1758578207654 1.0 187
1758578207658 1.0 188
1758578207662 1.0 189
1758578207666 1.0 190
1758578207670 1.0 191
1758578207674 1.0 192
1758578207679 1.0 193
1758578207683 1.0 194
1758578207687 1.0 195
1758578207692 1.0 196
1758578207696 1.0 197
1758578207699 1.0 198
1758578207705 1.0 199
1758578207709 1.0 200
1758578207713 1.0 201
1758578207717 1.0 202
1758578207721 1.0 203
1758578207726 1.0 204
1758578207730 1.0 205
1758578207734 1.0 206
1758578207738 1.0 207
1758578207742 1.0 208
1758578207745 1.0 209
1758578207749 1.0 210
1758578207754 1.0 211
1758578207758 1.0 212
1758578207763 1.0 213
1758578207766 1.0 214
1758578207770 1.0 215
1758578207775 1.0 216
1758578207779 1.0 217
1758578207782 1.0 218
1758578207787 1.0 219
1758578207791 1.0 220
1758578207794 1.0 221
1758578207797 1.0 222
1758578206974 0.11661184532210152 0
