1758578208808 0.0077058956171661384 0
1758578208813 0.006928208120922773 1
1758578208817 0.006390303040082272 2
1758578208823 0.0060252488154627195 3
1758578208828 0.005718042539892993 4
1758578208833 0.005513514774439782 5
1758578208838 0.0052915862597765345 6
1758578208843 0.005100992604676746 7
1758578208848 0.004916744797326999 8
1758578208854 0.004765985343288758 9
1758578208859 0.004616187052254125 10
1758578208864 0.004492944683720126 11
1758578208868 0.004372818792751168 12
1758578208873 0.004263802671123485 13
1758578208878 0.004162924365604031 14
1758578208882 0.004059938043312777 15
1758578208887 0.00396835872797969 16
1758578208893 0.0038553282256831322 17
1758578208897 0.0037718176546324036 18
1758578208901 0.0036779336943063095 19
1758578208906 0.003607533497655797 20
1758578208911 0.003537090165540021 21
1758578208917 0.003463609812870597 22
1758578208922 0.003404907030642727 23
1758578208928 0.003344828054034389 24
1758578208932 0.00328698767669168 25
1758578208937 0.0032064719817260796 26
1758578208942 0.003143427076008952 27
1758578208947 0.003083849793818926 28
1758578208952 0.0030276419074748424 29
1758578208957 0.0029755407259333543 30
1758578208963 0.0029090288020749188 31
1758578208968 0.0028526801248451067 32
1758578208973 0.0028111257239905336 33
1758578208978 0.0027635916370017314 34
1758578208983 0.0026848448640696466 35
1758578208989 0.00264973007867611 36
1758578208994 0.002586170090480044 37
1758578208999 0.002520275978229756 38
1758578209004 0.0024744222244263816 39
1758578209010 0.0024325085418801847 40
1758578209015 0.0023976924638333683 41
1758578209020 0.0023580176882960473 42
1758578209025 0.0023267257422898437 43
1758578209031 0.00229091651913268 44
1758578209036 0.0022515242424914254 45
1758578209042 0.0022180514991510824 46
1758578209047 0.0021579463989329453 47
1758578209052 0.0020827714742308544 48
1758578209057 0.0020574117588998196 49
1758578209062 0.002024034462978304 50
1758578209067 0.00199075647193629 51
1758578209072 0.001963832548235439 52
1758578209077 0.0019346473906012578 53
1758578209082 0.0019108981124923363 54
1758578209087 0.0018858114909420481 55
1758578209092 0.0018560398777284519 56
1758578209097 0.0018301373085805967 57
1758578209104 0.0018096088892159273 58
1758578209109 0.0017823465388819711 59
1758578209114 0.0017605861853929405 60
1758578209119 0.0017324933618917604 61
1758578209125 0.0017119706298707245 62
1758578209130 0.0016910984172504783 63
1758578209135 0.0016726556324037868 64
1758578209140 0.001654255673065279 65
1758578209145 0.0016357967723871806 66
1758578209150 0.0016186668643821294 67
1758578209156 0.001597716296988296 68
1758578209160 0.0015820438528338298 69
1758578209166 0.0015664075465763802 70
1758578209172 0.0015452256634316992 71
1758578209177 0.0015256899374895105 72
1758578209182 0.0015052166369944836 73
1758578209187 0.0014801131689394249 74
1758578209192 0.0014638324304329718 75
1758578209197 0.0014489289059185762 76
1758578209202 0.0014350918593061903 77
1758578209207 0.0014169538018829594 78
1758578209213 0.0014038882039778 79
1758578209218 0.0013854626378889728 80
1758578209223 0.0013734617472272244 81
1758578209228 0.0013609138723253813 82
1758578209234 0.001347332694365007 83
1758578209239 0.0013298738380269621 84
1758578209245 0.0013110795178031011 85
1758578209250 0.0012923796457234608 86
1758578209255 0.0012792967731615394 87
1758578209261 0.0012636908432458994 88
1758578209266 0.0012518357028658933 89
1758578209271 0.001237941563724073 90
1758578209276 0.0012275229712429491 91
1758578209281 0.0012124673657224882 92
1758578209286 0.001202076293994341 93
1758578209291 0.0011896927340241466 94
1758578209296 0.0011801189303846146 95
1758578209301 0.001168027284534752 96
1758578209307 0.0011555125929521696 97
1758578209312 0.0011427833928668 98
1758578209317 0.0011350584379989854 99
1758578209323 0.0011189557717692685 100
1758578209329 0.0011120564973837272 101
1758578209334 0.0011037592830163508 102
1758578209339 0.0010936137171300602 103
1758578209345 0.0010844725649988396 104
1758578209350 0.001073454252488061 105
1758578209355 0.0010614360283521286 106
1758578209361 0.0010519581585462213 107
1758578209366 0.0010392059499604136 108
1758578209372 0.0010316269962490048 109
1758578209378 0.0010206099040449541 110
1758578209383 0.0010126536269021117 111
1758578209388 0.0010070615398139037 112
1758578209394 0.0009972574207809048 113
1758578209399 0.000987639187551035 114
1758578209404 0.0009786366694295866 115
1758578209410 0.0009724104063259589 116
1758578209415 0.000964414651673526 117
1758578209420 0.0009568594169688759 118
1758578209426 0.0009496922171362562 119
1758578209432 0.0009394826289746566 120
1758578209437 0.0009341303606675652 121
1758578209443 0.0009227019902094209 122
1758578209448 0.0009138216881559839 123
1758578209453 0.0009071960080700011 124
1758578209460 0.0008988772604752287 125
1758578209464 0.0008883374485292885 126
1758578209469 0.0008808243395359146 127
1758578209475 0.0008738206055183963 128
1758578209480 0.000865106376922069 129
1758578209485 0.0008577641199305954 130
1758578209491 0.0008501839110315167 131
1758578209496 0.0008419105429362371 132
1758578209502 0.0008344238440125419 133
1758578209508 0.0008269483975007605 134
1758578209513 0.0008216058516659355 135
1758578209519 0.0008130640408053306 136
1758578209525 0.0008035085054899084 137
1758578209530 0.0007977189726004601 138
1758578209535 0.0007906514733572657 139
1758578209541 0.0007847678552039705 140
1758578209546 0.0007788565015208652 141
1758578209551 0.0007719282744538599 142
1758578209557 0.0007649467142270335 143
1758578209563 0.0007573680875908863 144
1758578209568 0.000750878783368604 145
1758578209574 0.0007456292538074327 146
1758578209580 0.0007392704144631986 147
1758578209584 0.0007341985326818845 148
1758578209590 0.0007297989523237167 149
1758578209596 0.0007230427227984082 150
1758578209601 0.0007181088514269064 151
1758578209607 0.0007114724971840306 152
1758578209613 0.0007058784851319856 153
1758578209618 0.0007020692128028632 154
1758578209623 0.0006970629327597111 155
1758578209630 0.0006935586863824083 156
1758578209635 0.0006877531769002738 157
1758578209641 0.0006825965216009701 158
1758578209647 0.0006791208778213307 159
1758578209652 0.0006751600274834943 160
1758578209658 0.0006713920678441882 161
1758578209664 0.0006664171971520229 162
1758578209669 0.0006610441032373732 163
1758578209674 0.0006564957411803685 164
1758578209680 0.0006510923848459055 165
1758578209685 0.0006467778969174717 166
1758578209692 0.0006426061183238395 167
1758578209697 0.0006374513844574507 168
1758578209703 0.0006320737620953512 169
1758578209709 0.0006247792168698169 170
1758578209715 0.0006219485758441344 171
1758578209720 0.0006166789038507888 172
1758578209727 0.0006113787583623665 173
1758578209732 0.0006076964541435021 174
1758578209737 0.0006023678609814978 175
1758578209743 0.000597211004670576 176
1758578209748 0.0005935168897323732 177
1758578209754 0.0005892295688345907 178
1758578209760 0.0005840030013342992 179
1758578209766 0.000577389542278628 180
1758578209771 0.0005745902452675465 181
1758578209779 0.0005687444583876819 182
1758578209784 0.0005638697476424179 183
1758578209789 0.0005603712784710222 184
1758578209795 0.0005544520503723313 185
1758578209800 0.0005504529790555904 186
1758578209805 0.0005448348056072957 187
1758578209811 0.0005397456294288898 188
1758578209817 0.0005359678575032189 189
1758578209822 0.0005319515188969818 190
1758578209828 0.0005267019730979796 191
1758578209834 0.0005237778112376707 192
1758578209839 0.000520493792347648 193
1758578209847 0.0005164469424069769 194
1758578209852 0.0005133781374710573 195
1758578209857 0.0005091729942746454 196
1758578209864 0.0005066759491882936 197
1758578209869 0.0005033109544881175 198
1758578209874 0.0004979206617796788 199
1758578209880 0.0004941612193253141 200
1758578209885 0.0004908072148438033 201
1758578209891 0.0004865890100577381 202
1758578209898 0.00048345266562960855 203
1758578209903 0.0004798738807857096 204
1758578209910 0.00047705138685259747 205
1758578209916 0.00047289970405520144 206
1758578209922 0.00047054774145061096 207
1758578209928 0.0004678728404856613 208
1758578209933 0.0004645267252317992 209
1758578209939 0.0004611356053993125 210
1758578209945 0.0004573870348610811 211
1758578209950 0.0004533555347377004 212
1758578209956 0.00045001982036776907 213
1758578209962 0.00044662738027473434 214
1758578209968 0.0004444633531459646 215
1758578209975 0.0004413067741431588 216
1758578209981 0.0004392502041144306 217
1758578209988 0.00043658566489648154 218
1758578209994 0.0004340361298406353 219
1758578209999 0.00043113964934829403 220
1758578210006 0.00042804673091107387 221
1758578210011 0.0004254978183043684 222
1758578208808 0.0077058956171661384 0
