1758578106685 0.1601971818328965 0
1758578106688 0.3241084147295782 1
1758578106691 0.5153000206518865 2
1758578106694 0.585144320069474 3
1758578106697 0.6143988619982879 4
1758578106699 0.6819788655099842 5
1758578106702 0.70023944151838 6
1758578106705 0.7241145719150138 7
1758578106708 0.7346129760112428 8
1758578106711 0.7504841659872667 9
1758578106714 0.7613441083584599 10
1758578106716 0.7742489624200737 11
1758578106718 0.7859366529184634 12
1758578106722 0.8066657603408676 13
1758578106725 0.8277780129701615 14
1758578106728 0.8415614297743873 15
1758578106730 0.8542972401094435 16
1758578106733 0.8631487434438079 17
1758578106736 0.8737010537768786 18
1758578106739 0.8783927218049767 19
1758578106742 0.8868285100376445 20
1758578106744 0.8927635141820831 21
1758578106747 0.8969547452770329 22
1758578106749 0.901449579848892 23
1758578106752 0.9072023173033396 24
1758578106756 0.918264613300463 25
1758578106758 0.9210543367115579 26
1758578106761 0.9244567122176716 27
1758578106764 0.9286148734815314 28
1758578106767 0.931805122605498 29
1758578106770 0.9381967405129401 30
1758578106773 0.9393322959298142 31
1758578106776 0.9425202186730331 32
1758578106779 0.9490937219469967 33
1758578106782 0.9509135502175401 34
1758578106784 0.9551967039190771 35
1758578106787 0.9645738933614301 36
1758578106790 0.9688432600865419 37
1758578106793 0.9729031511256936 38
1758578106795 0.9749911169943302 39
1758578106798 0.9783903892704815 40
1758578106801 0.9797334885049466 41
1758578106803 0.9798319630596606 42
1758578106806 0.979985184559564 43
1758578106809 0.9793546675356043 44
1758578106812 0.9818705859456438 45
1758578106814 0.9839157065547632 46
1758578106817 0.9873141726560426 47
1758578106820 0.9879703674026319 48
1758578106823 0.9879703674026319 49
1758578106826 0.989554861447422 50
1758578106829 0.9902929986922279 51
1758578106831 0.9907773333466444 52
1758578106834 0.9916075140948579 53
1758578106838 0.9927714553053263 54
1758578106840 0.9932875474591156 55
1758578106843 0.9932875474591156 56
1758578106846 0.9932875474591156 57
1758578106849 0.9940591103732634 58
1758578106852 0.9955011631786562 59
1758578106855 0.9965051221392898 60
1758578106858 0.9968265621907202 61
1758578106861 0.9968265621907202 62
1758578106864 0.9965051221392898 63
1758578106867 0.9965051221392898 64
1758578106870 0.9971418207027 65
1758578106873 0.9971418207027 66
1758578106876 0.9971418207027 67
1758578106878 0.9977547132116643 68
1758578106881 0.9983455158516472 69
1758578106884 0.9986331201081903 70
1758578106887 0.9986331201081903 71
1758578106891 0.9986331201081903 72
1758578106893 0.9986331201081903 73
1758578106896 0.9986331201081903 74
1758578106899 0.9994668446740818 75
1758578106902 0.9997355896351137 76
1758578106906 0.9997355896351137 77
1758578106908 0.9994668446740818 78
1758578106911 0.9997355896351137 79
1758578106914 0.9997355896351137 80
1758578106917 0.9997355896351137 81
1758578106920 1.0 82
1758578106923 1.0 83
1758578106926 0.9997355896351137 84
1758578106929 0.9997355896351137 85
1758578106932 1.0 86
1758578106935 1.0 87
1758578106938 1.0 88
1758578106941 1.0 89
1758578106944 1.0 90
1758578106947 1.0 91
1758578106950 1.0 92
1758578106953 1.0 93
1758578106956 1.0 94
1758578106959 1.0 95
1758578106962 1.0 96
1758578106965 1.0 97
1758578106968 1.0 98
1758578106972 1.0 99
1758578106975 1.0 100
1758578106978 1.0 101
1758578106981 1.0 102
1758578106984 1.0 103
1758578106987 1.0 104
1758578106990 1.0 105
1758578106993 1.0 106
1758578106996 1.0 107
1758578106999 1.0 108
1758578107002 1.0 109
1758578107006 1.0 110
1758578107008 1.0 111
1758578107012 1.0 112
1758578107015 1.0 113
1758578107018 1.0 114
1758578107021 1.0 115
1758578107024 1.0 116
1758578107027 1.0 117
1758578107030 1.0 118
1758578107034 1.0 119
1758578107037 1.0 120
1758578107040 1.0 121
1758578107043 1.0 122
1758578107046 1.0 123
1758578107049 1.0 124
1758578107052 1.0 125
1758578107056 1.0 126
1758578107059 1.0 127
1758578107062 1.0 128
1758578107065 1.0 129
1758578107068 1.0 130
1758578107071 1.0 131
1758578107074 1.0 132
1758578107077 1.0 133
1758578107080 1.0 134
1758578107084 1.0 135
1758578107087 1.0 136
1758578107090 1.0 137
1758578107094 1.0 138
1758578107097 1.0 139
1758578107100 1.0 140
1758578107103 1.0 141
1758578107107 1.0 142
1758578107110 1.0 143
1758578107113 1.0 144
1758578107116 1.0 145
1758578107120 1.0 146
1758578107123 1.0 147
1758578107126 1.0 148
1758578107129 1.0 149
1758578107132 1.0 150
1758578107135 1.0 151
1758578107139 1.0 152
1758578107142 1.0 153
1758578107145 1.0 154
1758578107148 1.0 155
1758578107151 1.0 156
1758578107154 1.0 157
1758578107158 1.0 158
1758578107161 1.0 159
1758578107164 1.0 160
1758578107167 1.0 161
1758578107171 1.0 162
1758578107174 1.0 163
1758578107177 1.0 164
1758578107181 1.0 165
1758578107184 1.0 166
1758578107187 1.0 167
1758578107191 1.0 168
1758578107194 1.0 169
1758578107197 1.0 170
1758578107200 1.0 171
1758578107204 1.0 172
1758578107207 1.0 173
1758578107210 1.0 174
1758578107213 1.0 175
1758578107216 1.0 176
1758578107219 1.0 177
1758578107223 1.0 178
1758578107227 1.0 179
1758578107230 1.0 180
1758578107233 1.0 181
1758578107237 1.0 182
1758578107240 1.0 183
1758578107244 1.0 184
1758578107247 1.0 185
1758578107250 1.0 186
1758578107254 1.0 187
1758578107257 1.0 188
1758578107260 1.0 189
1758578107264 1.0 190
1758578107267 1.0 191
1758578107271 1.0 192
1758578107274 1.0 193
1758578106685 0.1601971818328965 0
