1758578108023 0.01179851630282589 0
1758578108027 0.0041496333859767556 1
1758578108031 0.0036908232564962064 2
1758578108036 0.0034040112325773005 3
1758578108040 0.003187258042796094 4
1758578108044 0.003026720552123086 5
1758578108048 0.0028797179158112076 6
1758578108053 0.0027373370763519593 7
1758578108057 0.002625922272815657 8
1758578108061 0.0025119708943580534 9
1758578108065 0.002409033252323116 10
1758578108069 0.0023048220000394465 11
1758578108074 0.002237629669958414 12
1758578108078 0.0021586892516606707 13
1758578108082 0.0020770920037379123 14
1758578108086 0.0019953409596611222 15
1758578108091 0.0019042065603422727 16
1758578108095 0.001833263010926379 17
1758578108099 0.00177051591346329 18
1758578108104 0.0017236071130293975 19
1758578108108 0.0016666873783703529 20
1758578108113 0.0016186956915357736 21
1758578108117 0.0015693777902183285 22
1758578108122 0.0015232669504926268 23
1758578108126 0.0014763857669020486 24
1758578108130 0.0014315801875486322 25
1758578108134 0.001393613109849875 26
1758578108139 0.0013571077306135885 27
1758578108143 0.0013142227464141574 28
1758578108147 0.00127845621932724 29
1758578108151 0.00123699387232235 30
1758578108156 0.0011987115572186186 31
1758578108160 0.0011630942623828593 32
1758578108164 0.0011039533794798943 33
1758578108169 0.001074282860950012 34
1758578108174 0.0010435192248798172 35
1758578108178 0.0009867368175653028 36
1758578108183 0.0009547940223699223 37
1758578108187 0.0009249027788523858 38
1758578108192 0.0008999626948320057 39
1758578108196 0.0008734862982237486 40
1758578108200 0.0008530102232869478 41
1758578108205 0.0008306034646920262 42
1758578108209 0.000808721493123554 43
1758578108213 0.0007901775318903436 44
1758578108217 0.0007657700174134668 45
1758578108222 0.0007425218283372639 46
1758578108227 0.0007211264846573421 47
1758578108231 0.000706042035999477 48
1758578108236 0.0006907430006188421 49
1758578108240 0.0006741886057019832 50
1758578108245 0.0006540000980795618 51
1758578108249 0.0006384315599447358 52
1758578108253 0.0006241470532989386 53
1758578108258 0.0006095481682374189 54
1758578108262 0.0005931553808536061 55
1758578108266 0.0005792250805644394 56
1758578108271 0.0005671907777945336 57
1758578108275 0.0005514989870786783 58
1758578108279 0.0005404081538441223 59
1758578108284 0.000529147239449954 60
1758578108289 0.0005172773610551103 61
1758578108293 0.0005068687620242156 62
1758578108297 0.0004962268567654646 63
1758578108302 0.0004864896993733823 64
1758578108307 0.00047661200375789445 65
1758578108312 0.00046389598744925754 66
1758578108316 0.000453920350336489 67
1758578108321 0.0004426826341888873 68
1758578108325 0.00043347006791929636 69
1758578108330 0.00042510027128702077 70
1758578108334 0.00041577049998681924 71
1758578108339 0.00040555181260610446 72
1758578108343 0.000394866724680994 73
1758578108347 0.0003874175048694488 74
1758578108351 0.0003803087541558554 75
1758578108356 0.00037068480168890735 76
1758578108361 0.00036386638627985816 77
1758578108365 0.0003555619941686145 78
1758578108370 0.0003487428620804802 79
1758578108375 0.0003410712428062529 80
1758578108379 0.00033498400354355876 81
1758578108384 0.0003267895954654825 82
1758578108389 0.00032068480585848564 83
1758578108393 0.0003138328965610449 84
1758578108398 0.00030748502801511234 85
1758578108402 0.00030155789274786054 86
1758578108407 0.0002960369941844767 87
1758578108411 0.00029025822503728026 88
1758578108416 0.00028434588705958803 89
1758578108420 0.0002793253438189893 90
1758578108425 0.00027501572454969453 91
1758578108429 0.0002694923885542228 92
1758578108434 0.0002643373066296063 93
1758578108439 0.00025975644462114826 94
1758578108444 0.00025449076764068773 95
1758578108448 0.00025016941033252405 96
1758578108453 0.00024539774959205787 97
1758578108457 0.00024063345828663387 98
1758578108462 0.0002350175423804269 99
1758578108466 0.000230933737135179 100
1758578108471 0.0002258737075606252 101
1758578108476 0.0002215856251253028 102
1758578108480 0.00021796796938052432 103
1758578108484 0.00021356594021872572 104
1758578108489 0.00021030507156438773 105
1758578108494 0.00020707366750350614 106
1758578108498 0.0002040309832732272 107
1758578108504 0.00020112899273570616 108
1758578108508 0.00019755593631597953 109
1758578108513 0.0001929004750194257 110
1758578108517 0.0001898040568995585 111
1758578108523 0.00018680260457505125 112
1758578108527 0.0001840535049490471 113
1758578108532 0.00018088038273832068 114
1758578108536 0.00017777058063788844 115
1758578108541 0.00017450623687483743 116
1758578108545 0.00017167972050294184 117
1758578108550 0.00016830378252548082 118
1758578108555 0.0001653601152768906 119
1758578108560 0.00016205231335402243 120
1758578108564 0.00015951445172079679 121
1758578108569 0.00015726353323098578 122
1758578108574 0.0001541996228714753 123
1758578108579 0.00015201673742711253 124
1758578108583 0.00014901619082287977 125
1758578108588 0.0001463008878657866 126
1758578108593 0.00014385004810408265 127
1758578108597 0.00014117418990314352 128
1758578108602 0.00013869359667602284 129
1758578108607 0.00013617135148402101 130
1758578108612 0.00013360107749560128 131
1758578108616 0.00013155615182961145 132
1758578108621 0.0001292293037381286 133
1758578108626 0.00012736747693622925 134
1758578108630 0.00012527047093100648 135
1758578108635 0.0001231516771086246 136
1758578108640 0.0001207547484393642 137
1758578108645 0.00011851006123524535 138
1758578108649 0.00011646566581526977 139
1758578108654 0.00011397845356818784 140
1758578108659 0.00011208884261090449 141
1758578108664 0.00011024197457339547 142
1758578108668 0.00010861337647424112 143
1758578108673 0.00010653350693445714 144
1758578108678 0.00010485855778840701 145
1758578108682 0.00010353643531045315 146
1758578108687 0.00010204115426670537 147
1758578108692 0.00010025275726464212 148
1758578108697 9.87011295707238e-05 149
1758578108702 9.694758733309437e-05 150
1758578108707 9.54581585553111e-05 151
1758578108711 9.362899138578361e-05 152
1758578108716 9.219418860491038e-05 153
1758578108722 9.077701079503148e-05 154
1758578108727 8.944984961217128e-05 155
1758578108731 8.80786577627459e-05 156
1758578108736 8.655287025813588e-05 157
1758578108741 8.480661158539283e-05 158
1758578108746 8.315924903906612e-05 159
1758578108751 8.178921236080243e-05 160
1758578108756 8.048782737616941e-05 161
1758578108761 7.928382607410351e-05 162
1758578108766 7.791676484990337e-05 163
1758578108771 7.663795917051145e-05 164
1758578108776 7.530241269301394e-05 165
1758578108781 7.418915578628026e-05 166
1758578108785 7.300672980120948e-05 167
1758578108790 7.189526731126925e-05 168
1758578108795 7.106516908954248e-05 169
1758578108801 6.983027254890396e-05 170
1758578108806 6.876409812530842e-05 171
1758578108810 6.748772793070206e-05 172
1758578108815 6.630316892119216e-05 173
1758578108820 6.501182775831256e-05 174
1758578108825 6.379159531895349e-05 175
1758578108830 6.274284170817395e-05 176
1758578108835 6.159685038130091e-05 177
1758578108840 6.043809787744207e-05 178
1758578108845 5.9477498343625846e-05 179
1758578108850 5.870293802079101e-05 180
1758578108855 5.7844741264677736e-05 181
1758578108860 5.680675230027561e-05 182
1758578108865 5.582793019607397e-05 183
1758578108871 5.497607449428702e-05 184
1758578108875 5.416183777249011e-05 185
1758578108880 5.313125330237825e-05 186
1758578108884 5.212848732813843e-05 187
1758578108889 5.128918271903154e-05 188
1758578108894 5.051163914839391e-05 189
1758578108899 4.975657950135288e-05 190
1758578108904 4.903089341284025e-05 191
1758578108910 4.8220216509996925e-05 192
1758578108915 4.7537547808461e-05 193
1758578108023 0.01179851630282589 0
