1758578291924 0.6480102321285008 0
1758578291927 0.607399795206069 1
1758578291931 0.570162313860257 2
1758578291936 0.536090059618018 3
1758578291940 0.5051735544273427 4
1758578291944 0.489897893576397 5
1758578291949 0.4623244994806918 6
1758578291953 0.437324405263833 7
1758578291956 0.4138360239384533 8
1758578291960 0.39228944985094966 9
1758578291965 0.372436312067191 10
1758578291969 0.35362508842671014 11
1758578291973 0.33578898816391134 12
1758578291977 0.3272170008673677 13
1758578291981 0.31105785317897156 14
1758578291986 0.2960208821823746 15
1758578291989 0.28894225709799454 16
1758578291993 0.2752597371472322 17
1758578291998 0.2624590838737048 18
1758578292003 0.2503110836946272 19
1758578292007 0.24483059693934703 20
1758578292012 0.23378374603297442 21
1758578292017 0.22340969364769542 22
1758578292022 0.21883031906328362 23
1758578292027 0.20933749087528214 24
1758578292032 0.2003947118363709 25
1758578292036 0.1920031076427676 26
1758578292040 0.1841134795767908 27
1758578292044 0.18064751135138152 28
1758578292049 0.17322801895125137 29
1758578292053 0.16639984691967707 30
1758578292057 0.15997776502852518 31
1758578292062 0.15375899298532208 32
1758578292066 0.14790614953586104 33
1758578292070 0.14249706089318473 34
1758578292074 0.13734904050792865 35
1758578292078 0.1351493230542243 36
1758578292083 0.13028893952942555 37
1758578292087 0.12572332273546866 38
1758578292091 0.12146488215299091 39
1758578292096 0.11741774901755721 40
1758578292101 0.11361062191735913 41
1758578292106 0.10999061313534916 42
1758578292111 0.10658741102662993 43
1758578292116 0.10338302014031008 44
1758578292121 0.1016103290209676 45
1758578292126 0.09858336414719898 46
1758578292131 0.09573680981136792 47
1758578292136 0.0929981040849402 48
1758578292140 0.09044827888106925 49
1758578292146 0.08750978895658254 50
1758578292151 0.08515569460294838 51
1758578292156 0.08260135423323002 52
1758578292160 0.08047119617215538 53
1758578292166 0.07828325343588054 54
1758578292171 0.0763654678248853 55
1758578292175 0.07450568781282292 56
1758578292181 0.07234041236049323 57
1758578292186 0.07069002323842302 58
1758578292191 0.06883714303636437 59
1758578292196 0.06703480787217553 60
1758578292201 0.06539170156107488 61
1758578292206 0.06383706009265253 62
1758578292211 0.0625204173982449 63
1758578292215 0.06107570444864983 64
1758578292220 0.0597994893126283 65
1758578292225 0.05839343159879491 66
1758578292230 0.05729152615432622 67
1758578292235 0.05614770204915601 68
1758578292240 0.055054809278847545 69
1758578292245 0.054053424111716916 70
1758578292250 0.05294853345014791 71
1758578292255 0.05188584066708284 72
1758578292260 0.05089699577235125 73
1758578292265 0.05005768995951 74
1758578292270 0.04911965210500212 75
1758578292275 0.04817240198712165 76
1758578292280 0.0473028588378168 77
1758578292284 0.04644932109093142 78
1758578292288 0.04565139690562756 79
1758578292292 0.04487278163736414 80
1758578292297 0.044152772370734845 81
1758578292302 0.04347125675278161 82
1758578292307 0.0427710769402211 83
1758578292312 0.042103907940852975 84
1758578292318 0.04148238433621728 85
1758578292323 0.0408567042615629 86
1758578292328 0.04031464409740698 87
1758578292341 0.03990104572144971 88
1758578292346 0.039302802185447794 89
1758578292352 0.03872927217902269 90
1758578292357 0.03821196610311499 91
1758578292362 0.03774867003209212 92
1758578292367 0.03720695057118566 93
1758578292372 0.036740956395411445 94
1758578292377 0.0361620817969557 95
1758578292382 0.03569225499633393 96
1758578292387 0.035262907136974546 97
1758578292392 0.03488604812048738 98
1758578292398 0.034391911882979034 99
1758578292404 0.03392437261739054 100
1758578292409 0.03355121799983949 101
1758578292414 0.033189317283493266 102
1758578292419 0.032831324695314364 103
1758578292424 0.0324925505554679 104
1758578292429 0.03210350273128697 105
1758578292433 0.03174419812158835 106
1758578292437 0.031395023520958305 107
1758578292442 0.031064457135460577 108
1758578292446 0.030783838057562813 109
1758578292451 0.03048513002842942 110
1758578292456 0.030180953945241385 111
1758578292460 0.029793337466964435 112
1758578292465 0.029489355966725174 113
1758578292470 0.029212897238305485 114
1758578292474 0.028923563382901526 115
1758578292478 0.02859580725070654 116
1758578292483 0.02833367887917954 117
1758578292487 0.028071094380313685 118
1758578292491 0.027802487659304945 119
1758578292496 0.027570585649060588 120
1758578292501 0.027266677039624546 121
1758578292505 0.02700307102047731 122
1758578292510 0.02678885678925469 123
1758578292514 0.026553772623359215 124
1758578292518 0.026347075370543694 125
1758578292522 0.0261236106143283 126
1758578292526 0.025864146634019494 127
1758578292531 0.025653298722903856 128
1758578292536 0.025455213466173153 129
1758578292540 0.02527587422434848 130
1758578292545 0.02503483970988502 131
1758578292549 0.02483704142357422 132
1758578292554 0.02459117662651084 133
1758578292558 0.024399723525214797 134
1758578292562 0.02418841876593207 135
1758578292567 0.0239831318287303 136
1758578292571 0.023762935077147912 137
1758578292575 0.023599282636157213 138
1758578292580 0.023462587679736177 139
1758578292585 0.023301759179604205 140
1758578292589 0.02314744075208303 141
1758578292593 0.022959320383936506 142
1758578291924 0.6480102321285008 0
