1758578391450 0.945757791426677 0
1758578391453 0.9966295392937714 1
1758578391456 0.9972545670595842 2
1758578391459 0.9972783977580314 3
1758578391462 0.9972820619737007 4
1758578391465 0.9974719318710125 5
1758578391468 0.9976161464089435 6
1758578391470 0.9976186863451415 7
1758578391473 0.997639336193998 8
1758578391476 0.9978058541789725 9
1758578391479 0.9978157434217033 10
1758578391482 0.9979343370622458 11
1758578391486 0.9979360349834133 12
1758578391489 0.9979720750098641 13
1758578391492 0.997985816248728 14
1758578391496 0.9979948641739855 15
1758578391499 0.998001502972447 16
1758578391502 0.9980082163632664 17
1758578391505 0.9980124320204099 18
1758578391508 0.9980147694335022 19
1758578391511 0.99801642350272 20
1758578391513 0.998018311525281 21
1758578391516 0.9982508237924029 22
1758578391519 0.9982507229370988 23
1758578391522 0.9987697138757059 24
1758578391526 0.9990004161983644 25
1758578391529 0.999198616691383 26
1758578391533 0.999221411466843 27
1758578391535 0.9993018222388192 28
1758578391539 0.9993065065725647 29
1758578391543 0.9993142444421613 30
1758578391546 0.9993154236928575 31
1758578391549 0.9993162619321685 32
1758578391552 0.9993498503475406 33
1758578391557 0.9993495844571378 34
1758578391561 0.9993579258348563 35
1758578391564 0.9993529706314114 36
1758578391567 0.9993512228264391 37
1758578391569 0.9993560315649526 38
1758578391572 0.9993558557781367 39
1758578391576 0.9993556596518378 40
1758578391579 0.9993554501202675 41
1758578391582 0.999354258219319 42
1758578391585 0.9993575986954287 43
1758578391588 0.9993858687080517 44
1758578391592 0.9993877428530061 45
1758578391595 0.9993895611898546 46
1758578391598 0.9993831655773188 47
1758578391601 0.9993795022607566 48
1758578391605 0.999378737158837 49
1758578391611 0.9993768221568787 50
1758578391614 0.9993752335515964 51
1758578391617 0.9993754036633059 52
1758578391621 0.999373859440351 53
1758578391625 0.9993820379035815 54
1758578391628 0.9993821165602765 55
1758578391631 0.9994050740828867 56
1758578391634 0.9994045645125266 57
1758578391637 0.9994036750422951 58
1758578391640 0.9994110637038801 59
1758578391644 0.9994829962475008 60
1758578391647 0.9994810603619886 61
1758578391650 0.9994826318242528 62
1758578391653 0.9994993860168463 63
1758578391656 0.9995129895537788 64
1758578391660 0.9995252819976768 65
1758578391664 0.9995523119723738 66
1758578391666 0.9995541955989834 67
1758578391670 0.9995574122712246 68
1758578391675 0.9995793650288975 69
1758578391679 0.9995999279481239 70
1758578391681 0.9996019480126541 71
1758578391684 0.9996238298014066 72
1758578391688 0.9996240412511793 73
1758578391691 0.9996242269818643 74
1758578391695 0.999625549054389 75
1758578391698 0.9996238189214814 76
1758578391701 0.9996243783066127 77
1758578391704 0.9996266217673822 78
1758578391707 0.9996352728542317 79
1758578391711 0.9996912318161654 80
1758578391714 0.9997229804257763 81
1758578391717 0.9997216317693405 82
1758578391720 0.9997441928872873 83
1758578391724 0.9998037308319605 84
1758578391728 0.9998058222649079 85
1758578391731 0.9998099742576891 86
1758578391734 0.9998119053162889 87
1758578391738 0.9998153403007045 88
1758578391742 0.9998154412459093 89
1758578391746 0.9998163907773298 90
1758578391749 0.9998166121109371 91
1758578391752 0.9998188048174232 92
1758578391756 0.9998356167147214 93
1758578391760 0.9998385867520108 94
1758578391763 0.9998421991760059 95
1758578391766 0.9998694592344416 96
1758578391769 0.9998699107050858 97
1758578391773 0.9998888574768182 98
1758578391777 0.9998917160328382 99
1758578391781 0.9999013296013138 100
1758578391784 0.9999034574864899 101
1758578391787 0.9999004826199522 102
1758578391790 0.9998954684647856 103
1758578391794 0.99989586536824 104
1758578391797 0.9998994106841639 105
1758578391801 0.9998998997278186 106
1758578391805 0.9999015591736132 107
1758578391809 0.99990247710868 108
1758578391813 0.9999034241838173 109
1758578391816 0.9999023631538378 110
1758578391819 0.99990317135605 111
1758578391823 0.9999037469441583 112
1758578391827 0.9999079381562659 113
1758578391831 0.9999085751078138 114
1758578391835 0.9999044915943508 115
1758578391838 0.9999038977853072 116
1758578391842 0.9999047786938468 117
1758578391845 0.9999316944933535 118
1758578391849 0.9999320810229945 119
1758578391852 0.9999369601863719 120
1758578391856 0.9999371764649706 121
1758578391859 0.9999427778902512 122
1758578391863 0.9999517061510026 123
1758578391866 0.9999519381122302 124
1758578391870 0.9999541776333849 125
1758578391874 0.9999544924866157 126
1758578391879 0.9999541253272013 127
1758578391884 0.9999546242960589 128
1758578391887 0.9999547280897368 129
1758578391891 0.9999552973207938 130
1758578391895 0.9999553345209116 131
1758578391898 0.9999553065451421 132
1758578391901 0.9999532670279754 133
1758578391905 0.9999534978029713 134
1758578391908 0.9999544845050247 135
1758578391912 0.9999544714213573 136
1758578391915 0.9999546838900993 137
1758578391919 0.9999561538383712 138
1758578391922 0.9999566421626216 139
1758578391926 0.9999567523663531 140
1758578391930 0.9999582536550052 141
1758578391933 0.9999567972547431 142
1758578391937 0.9999566271505619 143
1758578391942 0.9999567322828449 144
1758578391945 0.9999568059167845 145
1758578391949 0.9999568708135408 146
1758578391952 0.9999568081555537 147
1758578391956 0.9999568136696653 148
1758578391960 0.9999598766865034 149
1758578391963 0.9999599586844172 150
1758578391967 0.9999599673385733 151
1758578391970 0.9999594569761207 152
1758578391973 0.9999594727557142 153
1758578391977 0.9999588970746482 154
1758578391980 0.9999589232975606 155
1758578391984 0.9999595183986936 156
1758578391987 0.9999595127814078 157
1758578391991 0.9999595394149596 158
1758578391995 0.9999873896933035 159
1758578391998 0.9999874328833868 160
1758578392001 0.9999872590868277 161
1758578392006 0.9999872396678977 162
1758578392010 0.999986777589358 163
1758578392013 0.9999868451493215 164
1758578391450 0.945757791426677 0
