1758578392762 0.6520020642196804 0
1758578392767 0.6087382047591221 1
1758578392772 0.569316837229132 2
1758578392776 0.5333582394565235 3
1758578392781 0.5005105999076701 4
1758578392786 0.4700770136538741 5
1758578392790 0.44185239460839953 6
1758578392795 0.4159722755363762 7
1758578392801 0.3918140472157041 8
1758578392805 0.3693931354418431 9
1758578392809 0.3485858295044016 10
1758578392815 0.3289429761236063 11
1758578392820 0.31327401302473756 12
1758578392824 0.2960351675888037 13
1758578392829 0.2798967414505655 14
1758578392834 0.2648294574231099 15
1758578392839 0.2506887134671704 16
1758578392843 0.23741397172460343 17
1758578392847 0.22500514863920465 18
1758578392852 0.2133265767396727 19
1758578392856 0.20234642704295397 20
1758578392861 0.19202208770029228 21
1758578392866 0.18224192994092414 22
1758578392870 0.1730860206149434 23
1758578392875 0.165716325435167 24
1758578392880 0.15845154992586447 25
1758578392884 0.15161869138428147 26
1758578392889 0.144153489308514 27
1758578392894 0.1371217060424331 28
1758578392899 0.1304818636742401 29
1758578392903 0.12422594248066665 30
1758578392908 0.11827591762389314 31
1758578392913 0.11263886774949843 32
1758578392918 0.10790741478280697 33
1758578392923 0.10283606131653855 34
1758578392928 0.09803950516832587 35
1758578392933 0.0934974358612147 36
1758578392938 0.08917764360031999 37
1758578392944 0.08513421758692714 38
1758578392950 0.0812819084718749 39
1758578392955 0.07763788769816823 40
1758578392959 0.07416977198188096 41
1758578392965 0.07089467722545692 42
1758578392969 0.06773985354401649 43
1758578392974 0.06478644260183788 44
1758578392979 0.06198827534593786 45
1758578392984 0.059320162171705895 46
1758578392989 0.05678613590034022 47
1758578392994 0.05438164461175513 48
1758578392998 0.05206721223127753 49
1758578393004 0.049876718782753265 50
1758578393009 0.04782530689078065 51
1758578393015 0.04586211107083057 52
1758578393020 0.04398127678070134 53
1758578393025 0.04223508243598693 54
1758578393031 0.0405630530847657 55
1758578393036 0.039162837011986786 56
1758578393040 0.03762504590058162 57
1758578393046 0.03616728799106398 58
1758578393051 0.03475417879320638 59
1758578393056 0.033432226748911525 60
1758578393061 0.03220903166993443 61
1758578393067 0.030996294651906484 62
1758578393072 0.02985327785160438 63
1758578393078 0.028756005364732974 64
1758578393083 0.02770821496295897 65
1758578393087 0.02672467154111359 66
1758578393092 0.02577405405561509 67
1758578393097 0.02502459991389978 68
1758578393102 0.024136000608011306 69
1758578393106 0.023271194040713178 70
1758578393112 0.022475080255280895 71
1758578393117 0.02171842765554392 72
1758578393122 0.02101797759667358 73
1758578393128 0.020325308676746968 74
1758578393133 0.01966478686818135 75
1758578393139 0.0191020855040722 76
1758578393146 0.01848904926113738 77
1758578393151 0.017910341333348595 78
1758578393156 0.01733493208329113 79
1758578393162 0.016864008570422563 80
1758578393167 0.016347272111832265 81
1758578393172 0.015864312841467422 82
1758578393179 0.01539445703635409 83
1758578393183 0.01492741113624072 84
1758578393188 0.014500679347658101 85
1758578393193 0.014080162924633741 86
1758578393199 0.0136860889308335 87
1758578393203 0.013278978475030222 88
1758578393210 0.012912275919820816 89
1758578393216 0.012573019188464934 90
1758578393221 0.012238166406275284 91
1758578393227 0.01187273044086045 92
1758578393233 0.011532145836909561 93
1758578393238 0.011216284775050997 94
1758578393245 0.010897809085886036 95
1758578393252 0.010614402506503364 96
1758578393257 0.010329526914155458 97
1758578393263 0.010054832019122308 98
1758578393268 0.009784022373542672 99
1758578393272 0.009559490552761538 100
1758578393279 0.009321226083005124 101
1758578393284 0.009117110432691212 102
1758578393293 0.008878369482054524 103
1758578393298 0.008677927525802761 104
1758578393304 0.008464728136987594 105
1758578393311 0.008224811817643632 106
1758578393316 0.00801698757016008 107
1758578393322 0.007851022978682001 108
1758578393328 0.007632481928044315 109
1758578393334 0.007435286929831765 110
1758578393341 0.007259430421025514 111
1758578393346 0.0070899484021588926 112
1758578393352 0.006926303035926184 113
1758578393359 0.006756281843402123 114
1758578393364 0.006591107437807249 115
1758578393370 0.00646652201216084 116
1758578393376 0.006346804875246456 117
1758578393381 0.006197880907158718 118
1758578393387 0.006049339148620633 119
1758578393393 0.005930173418390267 120
1758578393398 0.005784027227391904 121
1758578393405 0.005644440037043546 122
1758578393412 0.005500742257018319 123
1758578393417 0.005376982090186808 124
1758578393422 0.005237375539057341 125
1758578393428 0.005128458292831496 126
1758578393433 0.005008813329199615 127
1758578393437 0.004897576696149094 128
1758578393442 0.004789366317967886 129
1758578393447 0.004693309153389703 130
1758578393453 0.004593077759945497 131
1758578393458 0.0044973500570752965 132
1758578393463 0.004409544680462146 133
1758578393468 0.004316997609611972 134
1758578393475 0.00423472945705906 135
1758578393480 0.004146155567286438 136
1758578393486 0.004076051365416911 137
1758578393491 0.003992298076458538 138
1758578393496 0.003907452046466524 139
1758578393501 0.003835009527800512 140
1758578393506 0.003755283381959717 141
1758578393511 0.003690660298967878 142
1758578393516 0.0036223103069995006 143
1758578393521 0.00355680375025455 144
1758578393527 0.0034921566540316116 145
1758578393532 0.003426972144934334 146
1758578393538 0.0033626165990071097 147
1758578393545 0.003297919221100864 148
1758578393550 0.0032368010582531823 149
1758578393555 0.0031851139592480784 150
1758578393560 0.00313118378385014 151
1758578393565 0.003077499692706119 152
1758578393571 0.0030184326379840685 153
1758578393577 0.0029663684225883845 154
1758578393582 0.0029107267261006533 155
1758578393587 0.002860846327796967 156
1758578393593 0.002810641563166424 157
1758578393597 0.0027586837917802287 158
1758578393603 0.002709047940735652 159
1758578393610 0.0026564505436764466 160
1758578393614 0.0026143922426412483 161
1758578393620 0.002574517582439961 162
1758578393626 0.0025302975331370804 163
1758578393631 0.002487623423846196 164
1758578392762 0.6520020642196804 0
