1758578157093 0.1601971818328965 0
1758578157096 0.3241084147295782 1
1758578157098 0.5153000206518865 2
1758578157101 0.585144320069474 3
1758578157105 0.6143988619982879 4
1758578157108 0.6819788655099842 5
1758578157111 0.70023944151838 6
1758578157114 0.7241145719150138 7
1758578157116 0.7346129760112428 8
1758578157119 0.7504841659872667 9
1758578157122 0.7613441083584599 10
1758578157125 0.7742489624200737 11
1758578157128 0.7859366529184634 12
1758578157131 0.8066657603408676 13
1758578157134 0.8277780129701615 14
1758578157136 0.8415614297743873 15
1758578157140 0.8542972401094435 16
1758578157143 0.8631487434438079 17
1758578157145 0.8737010537768786 18
1758578157148 0.8783927218049767 19
1758578157150 0.8868285100376445 20
1758578157153 0.8927635141820831 21
1758578157156 0.8969547452770329 22
1758578157159 0.901449579848892 23
1758578157162 0.9072023173033396 24
1758578157165 0.918264613300463 25
1758578157168 0.9210543367115579 26
1758578157171 0.9244567122176716 27
1758578157174 0.9286148734815314 28
1758578157177 0.931805122605498 29
1758578157180 0.9381967405129401 30
1758578157182 0.9393322959298142 31
1758578157185 0.9425202186730331 32
1758578157188 0.9490937219469967 33
1758578157191 0.9509135502175401 34
1758578157194 0.9551967039190771 35
1758578157197 0.9645738933614301 36
1758578157199 0.9688432600865419 37
1758578157202 0.9729031511256936 38
1758578157205 0.9749911169943302 39
1758578157208 0.9783903892704815 40
1758578157211 0.9797334885049466 41
1758578157214 0.9798319630596606 42
1758578157216 0.979985184559564 43
1758578157219 0.9793546675356043 44
1758578157222 0.9818705859456438 45
1758578157226 0.9839157065547632 46
1758578157228 0.9873141726560426 47
1758578157231 0.9879703674026319 48
1758578157234 0.9879703674026319 49
1758578157237 0.989554861447422 50
1758578157240 0.9902929986922279 51
1758578157243 0.9907773333466444 52
1758578157246 0.9916075140948579 53
1758578157249 0.9927714553053263 54
1758578157252 0.9932875474591156 55
1758578157256 0.9932875474591156 56
1758578157259 0.9932875474591156 57
1758578157261 0.9940591103732634 58
1758578157264 0.9955011631786562 59
1758578157267 0.9965051221392898 60
1758578157270 0.9968265621907202 61
1758578157273 0.9968265621907202 62
1758578157275 0.9965051221392898 63
1758578157278 0.9965051221392898 64
1758578157281 0.9971418207027 65
1758578157284 0.9971418207027 66
1758578157286 0.9971418207027 67
1758578157290 0.9977547132116643 68
1758578157293 0.9983455158516472 69
1758578157296 0.9986331201081903 70
1758578157299 0.9986331201081903 71
1758578157302 0.9986331201081903 72
1758578157305 0.9986331201081903 73
1758578157309 0.9986331201081903 74
1758578157312 0.9994668446740818 75
1758578157315 0.9997355896351137 76
1758578157318 0.9997355896351137 77
1758578157321 0.9994668446740818 78
1758578157324 0.9997355896351137 79
1758578157327 0.9997355896351137 80
1758578157330 0.9997355896351137 81
1758578157333 1.0 82
1758578157336 1.0 83
1758578157339 0.9997355896351137 84
1758578157342 0.9997355896351137 85
1758578157345 1.0 86
1758578157348 1.0 87
1758578157350 1.0 88
1758578157354 1.0 89
1758578157357 1.0 90
1758578157360 1.0 91
1758578157364 1.0 92
1758578157367 1.0 93
1758578157370 1.0 94
1758578157373 1.0 95
1758578157376 1.0 96
1758578157379 1.0 97
1758578157382 1.0 98
1758578157385 1.0 99
1758578157389 1.0 100
1758578157392 1.0 101
1758578157395 1.0 102
1758578157398 1.0 103
1758578157401 1.0 104
1758578157404 1.0 105
1758578157407 1.0 106
1758578157410 1.0 107
1758578157413 1.0 108
1758578157416 1.0 109
1758578157419 1.0 110
1758578157423 1.0 111
1758578157426 1.0 112
1758578157429 1.0 113
1758578157432 1.0 114
1758578157435 1.0 115
1758578157439 1.0 116
1758578157442 1.0 117
1758578157445 1.0 118
1758578157449 1.0 119
1758578157452 1.0 120
1758578157456 1.0 121
1758578157459 1.0 122
1758578157462 1.0 123
1758578157465 1.0 124
1758578157468 1.0 125
1758578157472 1.0 126
1758578157475 1.0 127
1758578157477 1.0 128
1758578157480 1.0 129
1758578157093 0.1601971818328965 0
