1758578157957 0.011798516302825891 0
1758578157961 0.0041496333859767556 1
1758578157964 0.0036908232564962064 2
1758578157968 0.0034040112325773005 3
1758578157973 0.0031872580427960945 4
1758578157977 0.003026720552123086 5
1758578157981 0.0028797179158112076 6
1758578157984 0.0027373370763519598 7
1758578157989 0.002625922272815657 8
1758578157993 0.0025119708943580534 9
1758578157996 0.002409033252323116 10
1758578158000 0.0023048220000394465 11
1758578158004 0.002237629669958414 12
1758578158008 0.0021586892516606707 13
1758578158012 0.0020770920037379123 14
1758578158015 0.0019953409596611222 15
1758578158019 0.0019042065603422724 16
1758578158023 0.001833263010926379 17
1758578158027 0.00177051591346329 18
1758578158031 0.0017236071130293977 19
1758578158035 0.0016666873783703529 20
1758578158040 0.0016186956915357738 21
1758578158044 0.0015693777902183283 22
1758578158048 0.0015232669504926266 23
1758578158051 0.0014763857669020486 24
1758578158056 0.0014315801875486322 25
1758578158060 0.001393613109849875 26
1758578158064 0.0013571077306135883 27
1758578158067 0.0013142227464141574 28
1758578158071 0.0012784562193272403 29
1758578158075 0.00123699387232235 30
1758578158079 0.0011987115572186188 31
1758578158083 0.0011630942623828593 32
1758578158087 0.0011039533794798943 33
1758578158091 0.001074282860950012 34
1758578158095 0.0010435192248798174 35
1758578158098 0.0009867368175653028 36
1758578158103 0.0009547940223699223 37
1758578158107 0.0009249027788523859 38
1758578158111 0.0008999626948320059 39
1758578158116 0.0008734862982237486 40
1758578158120 0.0008530102232869477 41
1758578158124 0.0008306034646920262 42
1758578158128 0.000808721493123554 43
1758578158131 0.0007901775318903436 44
1758578158135 0.0007657700174134668 45
1758578158139 0.0007425218283372639 46
1758578158144 0.000721126484657342 47
1758578158147 0.000706042035999477 48
1758578158151 0.0006907430006188421 49
1758578158155 0.0006741886057019832 50
1758578158159 0.0006540000980795618 51
1758578158163 0.0006384315599447358 52
1758578158167 0.0006241470532989386 53
1758578158172 0.0006095481682374189 54
1758578158176 0.0005931553808536061 55
1758578158180 0.0005792250805644394 56
1758578158184 0.0005671907777945336 57
1758578158188 0.0005514989870786783 58
1758578158193 0.0005404081538441223 59
1758578158196 0.000529147239449954 60
1758578158200 0.0005172773610551103 61
1758578158204 0.0005068687620242156 62
1758578158209 0.0004962268567654646 63
1758578158212 0.0004864896993733823 64
1758578158216 0.00047661200375789445 65
1758578158221 0.0004638959874492575 66
1758578158225 0.000453920350336489 67
1758578158230 0.0004426826341888873 68
1758578158234 0.00043347006791929636 69
1758578158239 0.0004251002712870207 70
1758578158243 0.00041577049998681924 71
1758578158247 0.00040555181260610446 72
1758578158251 0.000394866724680994 73
1758578158256 0.0003874175048694488 74
1758578158260 0.0003803087541558554 75
1758578158264 0.0003706848016889074 76
1758578158268 0.0003638663862798582 77
1758578158272 0.0003555619941686145 78
1758578158276 0.00034874286208048017 79
1758578158280 0.00034107124280625283 80
1758578158284 0.00033498400354355876 81
1758578158288 0.0003267895954654825 82
1758578158292 0.00032068480585848564 83
1758578158296 0.0003138328965610449 84
1758578158301 0.00030748502801511234 85
1758578158305 0.00030155789274786054 86
1758578158310 0.0002960369941844767 87
1758578158314 0.00029025822503728026 88
1758578158319 0.0002843458870595881 89
1758578158323 0.0002793253438189893 90
1758578158327 0.0002750157245496946 91
1758578158331 0.0002694923885542228 92
1758578158335 0.0002643373066296063 93
1758578158339 0.00025975644462114826 94
1758578158344 0.00025449076764068773 95
1758578158348 0.00025016941033252405 96
1758578158352 0.00024539774959205787 97
1758578158356 0.00024063345828663387 98
1758578158361 0.0002350175423804269 99
1758578158365 0.00023093373713517902 100
1758578158370 0.0002258737075606252 101
1758578158374 0.0002215856251253028 102
1758578158378 0.00021796796938052432 103
1758578158382 0.00021356594021872572 104
1758578158387 0.00021030507156438773 105
1758578158391 0.00020707366750350614 106
1758578158396 0.0002040309832732272 107
1758578158400 0.00020112899273570616 108
1758578158404 0.00019755593631597956 109
1758578158409 0.00019290047501942568 110
1758578158413 0.0001898040568995585 111
1758578158417 0.00018680260457505128 112
1758578158422 0.00018405350494904706 113
1758578158426 0.00018088038273832065 114
1758578158430 0.00017777058063788844 115
1758578158434 0.00017450623687483743 116
1758578158439 0.00017167972050294184 117
1758578158444 0.00016830378252548082 118
1758578158448 0.00016536011527689057 119
1758578158452 0.00016205231335402243 120
1758578158457 0.00015951445172079679 121
1758578158461 0.00015726353323098578 122
1758578158465 0.0001541996228714753 123
1758578158469 0.00015201673742711253 124
1758578158474 0.00014901619082287977 125
1758578158478 0.0001463008878657866 126
1758578158482 0.00014385004810408265 127
1758578158487 0.00014117418990314352 128
1758578158492 0.00013869359667602284 129
1758578157957 0.011798516302825891 0
