1758578423356 0.945757791426677 0
1758578423359 0.9966295392937714 1
1758578423365 0.9972545670595842 2
1758578423368 0.9972783977580314 3
1758578423372 0.9972820619737007 4
1758578423375 0.9974719318710125 5
1758578423378 0.9976161464089435 6
1758578423382 0.9976186863451415 7
1758578423385 0.997639336193998 8
1758578423388 0.9978058541789725 9
1758578423390 0.9978157434217033 10
1758578423393 0.9979343370622458 11
1758578423396 0.9979360349834133 12
1758578423399 0.9979720750098641 13
1758578423402 0.997985816248728 14
1758578423405 0.9979948641739855 15
1758578423408 0.998001502972447 16
1758578423410 0.9980082163632664 17
1758578423413 0.9980124320204099 18
1758578423416 0.9980147694335022 19
1758578423419 0.99801642350272 20
1758578423422 0.998018311525281 21
1758578423424 0.9982508237924029 22
1758578423427 0.9982507229370988 23
1758578423430 0.9987697138757059 24
1758578423433 0.9990004161983644 25
1758578423436 0.999198616691383 26
1758578423439 0.999221411466843 27
1758578423442 0.9993018222388192 28
1758578423444 0.9993065065725647 29
1758578423447 0.9993142444421613 30
1758578423450 0.9993154236928575 31
1758578423453 0.9993162619321685 32
1758578423456 0.9993498503475406 33
1758578423459 0.9993495844571378 34
1758578423461 0.9993579258348563 35
1758578423465 0.9993529706314114 36
1758578423468 0.9993512228264391 37
1758578423470 0.9993560315649526 38
1758578423473 0.9993558557781367 39
1758578423476 0.9993556596518378 40
1758578423479 0.9993554501202675 41
1758578423482 0.999354258219319 42
1758578423485 0.9993575986954287 43
1758578423488 0.9993858687080517 44
1758578423491 0.9993877428530061 45
1758578423493 0.9993895611898546 46
1758578423496 0.9993831655773188 47
1758578423500 0.9993795022607566 48
1758578423502 0.999378737158837 49
1758578423505 0.9993768221568787 50
1758578423508 0.9993752335515964 51
1758578423511 0.9993754036633059 52
1758578423514 0.999373859440351 53
1758578423517 0.9993820379035815 54
1758578423520 0.9993821165602765 55
1758578423523 0.9994050740828867 56
1758578423525 0.9994045645125266 57
1758578423528 0.9994036750422951 58
1758578423531 0.9994110637038801 59
1758578423534 0.9994829962475008 60
1758578423537 0.9994810603619886 61
1758578423540 0.9994826318242528 62
1758578423543 0.9994993860168463 63
1758578423546 0.9995129895537788 64
1758578423549 0.9995252819976768 65
1758578423552 0.9995523119723738 66
1758578423555 0.9995541955989834 67
1758578423558 0.9995574122712246 68
1758578423561 0.9995793650288975 69
1758578423564 0.9995999279481239 70
1758578423567 0.9996019480126541 71
1758578423571 0.9996238298014066 72
1758578423574 0.9996240412511793 73
1758578423576 0.9996242269818643 74
1758578423580 0.999625549054389 75
1758578423583 0.9996238189214814 76
1758578423586 0.9996243783066127 77
1758578423589 0.9996266217673822 78
1758578423592 0.9996352728542317 79
1758578423595 0.9996912318161654 80
1758578423598 0.9997229804257763 81
1758578423601 0.9997216317693405 82
1758578423605 0.9997441928872873 83
1758578423607 0.9998037308319605 84
1758578423610 0.9998058222649079 85
1758578423614 0.9998099742576891 86
1758578423617 0.9998119053162889 87
1758578423620 0.9998153403007045 88
1758578423623 0.9998154412459093 89
1758578423626 0.9998163907773298 90
1758578423629 0.9998166121109371 91
1758578423633 0.9998188048174232 92
1758578423636 0.9998356167147214 93
1758578423639 0.9998385867520108 94
1758578423642 0.9998421991760059 95
1758578423645 0.9998694592344416 96
1758578423648 0.9998699107050858 97
1758578423651 0.9998888574768182 98
1758578423654 0.9998917160328382 99
1758578423657 0.9999013296013138 100
1758578423660 0.9999034574864899 101
1758578423664 0.9999004826199522 102
1758578423667 0.9998954684647856 103
1758578423671 0.99989586536824 104
1758578423673 0.9998994106841639 105
1758578423676 0.9998998997278186 106
1758578423680 0.9999015591736132 107
1758578423683 0.99990247710868 108
1758578423687 0.9999034241838173 109
1758578423690 0.9999023631538378 110
1758578423693 0.99990317135605 111
1758578423696 0.9999037469441583 112
1758578423700 0.9999079381562659 113
1758578423703 0.9999085751078138 114
1758578423707 0.9999044915943508 115
1758578423709 0.9999038977853072 116
1758578423713 0.9999047786938468 117
1758578423716 0.9999316944933535 118
1758578423719 0.9999320810229945 119
1758578423723 0.9999369601863719 120
1758578423726 0.9999371764649706 121
1758578423729 0.9999427778902512 122
1758578423732 0.9999517061510026 123
1758578423735 0.9999519381122302 124
1758578423739 0.9999541776333849 125
1758578423742 0.9999544924866157 126
1758578423745 0.9999541253272013 127
1758578423749 0.9999546242960589 128
1758578423752 0.9999547280897368 129
1758578423755 0.9999552973207938 130
1758578423758 0.9999553345209116 131
1758578423762 0.9999553065451421 132
1758578423765 0.9999532670279754 133
1758578423768 0.9999534978029713 134
1758578423772 0.9999544845050247 135
1758578423775 0.9999544714213573 136
1758578423778 0.9999546838900993 137
1758578423782 0.9999561538383712 138
1758578423785 0.9999566421626216 139
1758578423788 0.9999567523663531 140
1758578423791 0.9999582536550052 141
1758578423794 0.9999567972547431 142
1758578423798 0.9999566271505619 143
1758578423802 0.9999567322828449 144
1758578423805 0.9999568059167845 145
1758578423809 0.9999568708135408 146
1758578423812 0.9999568081555537 147
1758578423816 0.9999568136696653 148
1758578423819 0.9999598766865034 149
1758578423823 0.9999599586844172 150
1758578423826 0.9999599673385733 151
1758578423829 0.9999594569761207 152
1758578423833 0.9999594727557142 153
1758578423836 0.9999588970746482 154
1758578423839 0.9999589232975606 155
1758578423843 0.9999595183986936 156
1758578423846 0.9999595127814078 157
1758578423850 0.9999595394149596 158
1758578423853 0.9999873896933035 159
1758578423856 0.9999874328833868 160
1758578423860 0.9999872590868277 161
1758578423863 0.9999872396678977 162
1758578423867 0.999986777589358 163
1758578423870 0.9999868451493215 164
1758578423873 0.9999867547766588 165
1758578423876 0.9999866505424493 166
1758578423880 0.999986543465589 167
1758578423884 0.9999864388192609 168
1758578423887 0.999986323803706 169
1758578423890 0.9999920286707992 170
1758578423893 0.999993350018578 171
1758578423897 0.9999932458487202 172
1758578423900 0.9999931498789958 173
1758578423904 0.9999966364471332 174
1758578423907 0.9999966065302537 175
1758578423911 0.999996515587196 176
1758578423915 0.999996466103743 177
1758578423918 0.999996430903059 178
1758578423922 0.9999963090097457 179
1758578423925 0.9999963169131341 180
1758578423928 0.9999971869662453 181
1758578423932 0.9999980629918669 182
1758578423936 0.9999983315558555 183
1758578423939 0.9999982960518584 184
1758578423942 0.9999982951519064 185
1758578423946 0.9999982241482104 186
1758578423949 0.9999981912904657 187
1758578423953 0.9999984666949484 188
1758578423956 0.9999984520768331 189
1758578423960 0.9999987828448772 190
1758578423963 0.9999989833868637 191
1758578423967 0.9999989856654294 192
1758578423971 0.9999991322654257 193
1758578423974 0.9999991398131822 194
1758578423977 0.9999990938009845 195
1758578423981 0.999999239345861 196
1758578423985 0.9999995035468171 197
1758578423988 0.9999994841289704 198
1758578423992 0.9999997797982803 199
1758578423995 0.9999998798271682 200
1758578423999 0.9999998750450148 201
1758578424003 0.9999998742926602 202
1758578424006 0.9999998903879483 203
1758578424010 0.9999998984264766 204
1758578424013 0.9999999014303929 205
1758578424017 0.9999999212902723 206
1758578424021 0.9999999210335864 207
1758578424024 0.9999999418791556 208
1758578424028 0.9999999456408791 209
1758578424032 0.9999999473923082 210
1758578424035 0.9999999491461017 211
1758578424039 0.9999999521472226 212
1758578424042 0.9999999536461408 213
1758578424045 0.9999999558973829 214
1758578424050 0.9999999579023509 215
1758578424053 0.9999999586530692 216
1758578424057 0.999999960656177 217
1758578424061 0.999999961407014 218
1758578424065 0.9999999619071176 219
1758578424069 0.9999999636629836 220
1758578424073 0.9999999649140985 221
1758578424076 0.9999999664168224 222
1758578424080 0.9999999666669493 223
1758578424084 0.999999967167897 224
1758578424088 0.9999999684193362 225
1758578424092 0.9999999686695106 226
1758578424095 0.9999999691705216 227
1758578424099 0.9999999694213582 228
1758578424103 0.9999999706736498 229
1758578424107 0.9999999716758144 230
1758578424110 0.9999999716758144 231
1758578424114 0.9999999769323042 232
1758578424118 0.9999999771827004 233
1758578424122 0.9999999781848127 234
1758578424125 0.9999999791874529 235
1758578424129 0.9999999806910836 236
1758578424133 0.9999999811920424 237
1758578424136 0.9999999826958952 238
1758578424140 0.9999999841999065 239
1758578424143 0.9999999841999065 240
1758578424147 0.9999999849519718 241
1758578424151 0.9999999857037075 242
1758578424154 0.9999999869570885 243
1758578424158 0.9999999884612623 244
1758578424161 0.9999999887119281 245
1758578424165 0.9999999889626019 246
1758578424169 0.9999999894642552 247
1758578424173 0.9999999894642552 248
1758578424177 0.9999999899656424 249
1758578424181 0.9999999909687626 250
1758578424185 0.9999999909687626 251
1758578424189 0.9999999909687626 252
1758578424193 0.9999999914702292 253
1758578424197 0.9999999919717276 254
1758578424201 0.9999999924732577 255
1758578424205 0.9999999929750222 256
1758578424209 0.9999999929750222 257
1758578424214 0.9999999929750222 258
1758578424220 0.9999999929750222 259
1758578424225 0.9999999929750222 260
1758578424229 0.9999999934766001 261
1758578424235 0.9999999942290264 262
1758578424239 0.9999999942290264 263
1758578424243 0.9999999949816791 264
1758578424246 0.9999999952325196 265
1758578424251 0.9999999952325196 266
1758578424255 0.9999999957342246 267
1758578424259 0.9999999959850889 268
1758578424263 0.999999996988626 269
1758578424267 0.99999999723953 270
1758578424271 0.9999999974904421 271
1758578424275 0.9999999974904421 272
1758578424278 0.9999999974904421 273
1758578424283 0.9999999979922901 274
1758578424287 0.999999998243226 275
1758578424291 0.9999999984941698 276
1758578424295 0.9999999987451216 277
1758578424299 0.9999999987451216 278
1758578424303 0.9999999987451216 279
1758578424307 0.9999999987451216 280
1758578424311 0.9999999987451216 281
1758578424315 0.9999999987451216 282
1758578424319 0.9999999987451216 283
1758578424322 0.9999999987451216 284
1758578424326 0.9999999989960814 285
1758578424330 0.9999999989960814 286
1758578424334 0.9999999992470492 287
1758578424338 0.9999999992470492 288
1758578424341 0.9999999992470492 289
1758578424345 0.9999999992470492 290
1758578424349 0.9999999992470492 291
1758578424353 0.9999999997490084 292
1758578424356 0.9999999997490084 293
1758578424360 0.9999999997490084 294
1758578424364 1.0 295
1758578424368 1.0 296
1758578424372 1.0 297
1758578424375 1.0 298
1758578424379 1.0 299
1758578424383 1.0 300
1758578424387 1.0 301
1758578424390 1.0 302
1758578424394 1.0 303
1758578424398 1.0 304
1758578424402 1.0 305
1758578424406 1.0 306
1758578424409 1.0 307
1758578424413 1.0 308
1758578424417 1.0 309
1758578424421 1.0 310
1758578424425 1.0 311
1758578424429 1.0 312
1758578424433 1.0 313
1758578424438 1.0 314
1758578424441 1.0 315
1758578423356 0.945757791426677 0
