1758578425938 0.6520020642196804 0
1758578425943 0.608738204759122 1
1758578425948 0.569316837229132 2
1758578425953 0.5333582394565235 3
1758578425958 0.5005105999076701 4
1758578425963 0.4700770136538741 5
1758578425968 0.44185239460839953 6
1758578425973 0.4159722755363762 7
1758578425978 0.3918140472157041 8
1758578425984 0.3693931354418431 9
1758578425989 0.3485858295044017 10
1758578425994 0.3289429761236063 11
1758578425999 0.31327401302473756 12
1758578426005 0.2960351675888037 13
1758578426010 0.2798967414505655 14
1758578426015 0.2648294574231099 15
1758578426021 0.2506887134671705 16
1758578426026 0.23741397172460343 17
1758578426032 0.22500514863920462 18
1758578426038 0.2133265767396727 19
1758578426043 0.20234642704295397 20
1758578426048 0.19202208770029228 21
1758578426054 0.18224192994092417 22
1758578426060 0.1730860206149434 23
1758578426065 0.165716325435167 24
1758578426071 0.15845154992586447 25
1758578426077 0.15161869138428147 26
1758578426083 0.144153489308514 27
1758578426089 0.1371217060424331 28
1758578426095 0.1304818636742401 29
1758578426100 0.12422594248066665 30
1758578426107 0.11827591762389314 31
1758578426112 0.11263886774949844 32
1758578426118 0.10790741478280698 33
1758578426123 0.10283606131653855 34
1758578426128 0.09803950516832587 35
1758578426133 0.09349743586121467 36
1758578426138 0.08917764360031999 37
1758578426143 0.08513421758692714 38
1758578426149 0.08128190847187491 39
1758578426154 0.07763788769816822 40
1758578426159 0.07416977198188096 41
1758578426165 0.0708946772254569 42
1758578426170 0.06773985354401649 43
1758578426176 0.06478644260183788 44
1758578426181 0.06198827534593786 45
1758578426186 0.059320162171705895 46
1758578426191 0.056786135900340214 47
1758578426197 0.05438164461175513 48
1758578426202 0.05206721223127753 49
1758578426207 0.049876718782753265 50
1758578426212 0.04782530689078065 51
1758578426218 0.04586211107083057 52
1758578426223 0.04398127678070135 53
1758578426228 0.04223508243598693 54
1758578426233 0.040563053084765696 55
1758578426239 0.039162837011986786 56
1758578426244 0.03762504590058162 57
1758578426249 0.03616728799106398 58
1758578426255 0.03475417879320638 59
1758578426260 0.033432226748911525 60
1758578426265 0.03220903166993443 61
1758578426271 0.030996294651906484 62
1758578426276 0.02985327785160438 63
1758578426282 0.028756005364732974 64
1758578426287 0.02770821496295897 65
1758578426293 0.02672467154111359 66
1758578426298 0.02577405405561509 67
1758578426304 0.02502459991389978 68
1758578426309 0.024136000608011306 69
1758578426314 0.023271194040713178 70
1758578426320 0.022475080255280895 71
1758578426325 0.02171842765554392 72
1758578426330 0.02101797759667358 73
1758578426336 0.020325308676746968 74
1758578426341 0.01966478686818135 75
1758578426346 0.0191020855040722 76
1758578426352 0.01848904926113738 77
1758578426357 0.017910341333348595 78
1758578426362 0.01733493208329113 79
1758578426368 0.016864008570422563 80
1758578426373 0.01634727211183226 81
1758578426378 0.015864312841467422 82
1758578426384 0.01539445703635409 83
1758578426389 0.01492741113624072 84
1758578426395 0.014500679347658101 85
1758578426400 0.014080162924633741 86
1758578426406 0.0136860889308335 87
1758578426411 0.013278978475030222 88
1758578426416 0.012912275919820816 89
1758578426422 0.012573019188464934 90
1758578426427 0.012238166406275284 91
1758578426433 0.01187273044086045 92
1758578426438 0.011532145836909561 93
1758578426444 0.011216284775050997 94
1758578426449 0.010897809085886036 95
1758578426455 0.010614402506503364 96
1758578426460 0.01032952691415546 97
1758578426466 0.010054832019122308 98
1758578426471 0.009784022373542672 99
1758578426476 0.009559490552761538 100
1758578426482 0.009321226083005124 101
1758578426487 0.009117110432691212 102
1758578426493 0.008878369482054524 103
1758578426498 0.00867792752580276 104
1758578426504 0.008464728136987594 105
1758578426509 0.008224811817643632 106
1758578426515 0.00801698757016008 107
1758578426520 0.007851022978682003 108
1758578426525 0.007632481928044314 109
1758578426531 0.007435286929831766 110
1758578426536 0.007259430421025514 111
1758578426542 0.0070899484021588926 112
1758578426547 0.006926303035926184 113
1758578426553 0.006756281843402123 114
1758578426558 0.006591107437807249 115
1758578426564 0.006466522012160841 116
1758578426569 0.006346804875246456 117
1758578426575 0.006197880907158718 118
1758578426581 0.006049339148620632 119
1758578426586 0.005930173418390267 120
1758578426592 0.005784027227391904 121
1758578426597 0.005644440037043546 122
1758578426603 0.005500742257018319 123
1758578426608 0.005376982090186809 124
1758578426614 0.005237375539057341 125
1758578426619 0.005128458292831496 126
1758578426625 0.005008813329199615 127
1758578426630 0.004897576696149094 128
1758578426636 0.004789366317967886 129
1758578426641 0.004693309153389703 130
1758578426647 0.004593077759945497 131
1758578426653 0.0044973500570752965 132
1758578426658 0.0044095446804621454 133
1758578426664 0.004316997609611972 134
1758578426669 0.0042347294570590594 135
1758578426675 0.004146155567286437 136
1758578426681 0.004076051365416911 137
1758578426686 0.003992298076458538 138
1758578426692 0.003907452046466524 139
1758578426698 0.003835009527800512 140
1758578426703 0.003755283381959717 141
1758578426709 0.003690660298967878 142
1758578426715 0.0036223103069995 143
1758578426720 0.00355680375025455 144
1758578426726 0.0034921566540316116 145
1758578426731 0.003426972144934334 146
1758578426737 0.0033626165990071097 147
1758578426742 0.0032979192211008645 148
1758578426748 0.0032368010582531823 149
1758578426754 0.0031851139592480784 150
1758578426759 0.003131183783850139 151
1758578426765 0.003077499692706119 152
1758578426771 0.003018432637984069 153
1758578426777 0.002966368422588384 154
1758578426783 0.0029107267261006533 155
1758578426789 0.002860846327796967 156
1758578426794 0.002810641563166424 157
1758578426800 0.0027586837917802287 158
1758578426805 0.002709047940735652 159
1758578426811 0.0026564505436764466 160
1758578426817 0.0026143922426412483 161
1758578426822 0.002574517582439961 162
1758578426828 0.0025302975331370804 163
1758578426834 0.0024876234238461964 164
1758578426839 0.0024481567650423298 165
1758578426845 0.002411474593897815 166
1758578426851 0.0023695943095397515 167
1758578426856 0.0023248545348408508 168
1758578426862 0.002285373130595747 169
1758578426868 0.002246258265277495 170
1758578426874 0.0022134231578180277 171
1758578426880 0.002175331925309696 172
1758578426886 0.0021381008352496333 173
1758578426892 0.0021052663932044097 174
1758578426898 0.0020671947463043916 175
1758578426904 0.0020359920166708695 176
1758578426910 0.002007203465815403 177
1758578426916 0.0019753052762142144 178
1758578426922 0.001944891109809819 179
1758578426928 0.0019053642735040286 180
1758578426935 0.0018741570081306294 181
1758578426941 0.001843962022326053 182
1758578426948 0.0018147810341594024 183
1758578426955 0.0017867710437210616 184
1758578426960 0.0017559493185043131 185
1758578426967 0.0017236826030530032 186
1758578426973 0.0016970436550067108 187
1758578426978 0.001670890006330237 188
1758578426985 0.001646635035124145 189
1758578426991 0.0016198970669554118 190
1758578426997 0.0015942558307445922 191
1758578427003 0.0015685972161707579 192
1758578427009 0.0015452355296697669 193
1758578427015 0.0015210970901573452 194
1758578427021 0.0015008528269026397 195
1758578427027 0.0014796887518530163 196
1758578427032 0.0014537472580153908 197
1758578427038 0.001431239403650819 198
1758578427044 0.0014077937703355244 199
1758578427050 0.0013881451734643051 200
1758578427056 0.001367009909231462 201
1758578427061 0.001346019301305966 202
1758578427067 0.0013268193401043652 203
1758578427073 0.0013071253951502874 204
1758578427079 0.001282561177252336 205
1758578427085 0.001263045562871698 206
1758578427091 0.0012440035688694943 207
1758578427097 0.001226184514140664 208
1758578427103 0.0012050471908596897 209
1758578427109 0.0011866026040618977 210
1758578427115 0.0011679572690315439 211
1758578427121 0.0011508359705319025 212
1758578427127 0.0011347974490448348 213
1758578427133 0.0011153368800627893 214
1758578427140 0.0010974883485191935 215
1758578427146 0.001080573567600157 216
1758578427152 0.00106075145862305 217
1758578427158 0.0010467917884363306 218
1758578427164 0.0010306569740210427 219
1758578427171 0.001016686920660616 220
1758578427176 0.0010025407930439904 221
1758578427183 0.0009864770307131808 222
1758578427189 0.000973147732700622 223
1758578427194 0.0009584740337742142 224
1758578427201 0.0009437448056293569 225
1758578427207 0.0009314510488795863 226
1758578427213 0.0009161918647481225 227
1758578427220 0.0009035532952665794 228
1758578427226 0.00088995574786114 229
1758578427233 0.0008756858113398127 230
1758578427240 0.0008622099989021788 231
1758578427246 0.0008518001109314955 232
1758578427252 0.000839682206133033 233
1758578427259 0.0008246427116504095 234
1758578427265 0.0008113695607449404 235
1758578427272 0.0008005753895929243 236
1758578427277 0.0007887845280384791 237
1758578427284 0.0007770780268133574 238
1758578427290 0.0007658343023633425 239
1758578427296 0.000754369121408852 240
1758578427303 0.0007443505138010034 241
1758578427309 0.0007316770213468514 242
1758578427315 0.000721699642356343 243
1758578427322 0.0007112038367091933 244
1758578427328 0.0007031803100621372 245
1758578427334 0.0006936147608574255 246
1758578427340 0.0006845175141337663 247
1758578427346 0.000675593193368803 248
1758578427352 0.0006660641395830672 249
1758578427358 0.0006574901138339213 250
1758578427364 0.0006479308663351293 251
1758578427370 0.0006394186571054445 252
1758578427376 0.0006287379139816144 253
1758578427382 0.0006202976233651746 254
1758578427388 0.0006124811394024101 255
1758578427394 0.000604405706153777 256
1758578427400 0.0005965306311414684 257
1758578427406 0.000587963631226345 258
1758578427412 0.0005807028232363904 259
1758578427418 0.0005728222272672484 260
1758578427424 0.0005637190955743863 261
1758578427431 0.0005568346554634348 262
1758578427437 0.00054963199527295 263
1758578427443 0.0005429538932757641 264
1758578427449 0.0005365781573515303 265
1758578427456 0.0005289119795085501 266
1758578427462 0.0005219504491988324 267
1758578427468 0.0005154672843182213 268
1758578427474 0.0005086684424366213 269
1758578427480 0.0005025977792716478 270
1758578427487 0.0004943093423060827 271
1758578427493 0.00048733881299665207 272
1758578427499 0.00048172491247079824 273
1758578427506 0.00047431710924258696 274
1758578427512 0.00046777580247119016 275
1758578427520 0.00046201651151399846 276
1758578427526 0.00045611315534709246 277
1758578427533 0.00045061360280242374 278
1758578427540 0.00044470479153116627 279
1758578427546 0.000439369614645052 280
1758578427552 0.0004328805295866181 281
1758578427558 0.00042696943776827234 282
1758578427565 0.0004216871194701601 283
1758578427571 0.00041657037749457965 284
1758578427577 0.0004106416155315287 285
1758578427583 0.00040625427239618866 286
1758578427590 0.0004012714559657266 287
1758578427596 0.00039691707456911867 288
1758578427602 0.0003920139542519185 289
1758578427608 0.00038588386080542987 290
1758578427614 0.0003810893977554424 291
1758578427621 0.0003758874665016616 292
1758578427627 0.00037162369580848875 293
1758578427633 0.00036701507716844925 294
1758578427639 0.000363374273757935 295
1758578427645 0.0003581793648748725 296
1758578427651 0.00035434945261699044 297
1758578427658 0.00034995717624317513 298
1758578427664 0.0003458363836509449 299
1758578427670 0.0003417019076400525 300
1758578427676 0.000337526253725353 301
1758578427682 0.00033372510337663965 302
1758578427688 0.000328726851246051 303
1758578427694 0.0003238809839117136 304
1758578427701 0.00032023447583373843 305
1758578427707 0.0003154310703359245 306
1758578427713 0.0003116704084572255 307
1758578427719 0.00030704543326879463 308
1758578427725 0.000303373307933118 309
1758578427732 0.00029971016074471747 310
1758578427738 0.0002960300336521391 311
1758578427744 0.00029128168000887625 312
1758578427751 0.00028811121105761975 313
1758578427758 0.00028425986717368944 314
1758578427764 0.00028086900573458154 315
1758578425938 0.6520020642196804 0
