1758578268880 0.9731891504908222 0
1758578268883 0.9736438964586119 1
1758578268886 0.9736525846922124 2
1758578268889 0.9835331382201562 3
1758578268892 0.9834948511075655 4
1758578268895 0.9936144335841118 5
1758578268897 0.9942851989301555 6
1758578268900 0.9942908672264394 7
1758578268903 0.9942859274128251 8
1758578268905 0.994351358350418 9
1758578268909 0.9943515639546112 10
1758578268912 0.994323430688721 11
1758578268915 0.9944187775074325 12
1758578268918 0.994684100908917 13
1758578268920 0.9947443239329181 14
1758578268923 0.99467419525824 15
1758578268926 0.9949349610389365 16
1758578268929 0.9949808922324426 17
1758578268932 0.9950041071423517 18
1758578268935 0.9949495989334961 19
1758578268937 0.9950709124272056 20
1758578268940 0.9950788589301031 21
1758578268943 0.9950424988087093 22
1758578268946 0.9952223390412234 23
1758578268949 0.9952317121612868 24
1758578268952 0.995379347538327 25
1758578268955 0.9954180834315046 26
1758578268958 0.9953951777938954 27
1758578268961 0.9955474538239241 28
1758578268964 0.995583040199715 29
1758578268967 0.995573849095702 30
1758578268970 0.9956104157862321 31
1758578268972 0.9956489391400326 32
1758578268976 0.9957176004324566 33
1758578268978 0.9956228264579715 34
1758578268982 0.9956566254405264 35
1758578268985 0.9958573120451556 36
1758578268987 0.995886520590406 37
1758578268990 0.9959830384977673 38
1758578268993 0.9960158960518993 39
1758578268996 0.9961370185204252 40
1758578268999 0.9960768604560494 41
1758578269002 0.9961254638129311 42
1758578269005 0.9961155281396051 43
1758578269008 0.9961157189792272 44
1758578269011 0.9968418127016191 45
1758578269014 0.9968733714202479 46
1758578269017 0.9968474960210376 47
1758578269020 0.9969353623060252 48
1758578269023 0.9970019775210431 49
1758578269026 0.9974714740196441 50
1758578269029 0.9974435025012476 51
1758578269032 0.99744462576353 52
1758578269035 0.9975128100759952 53
1758578269038 0.9975901182401564 54
1758578269041 0.9975647980077909 55
1758578269044 0.9975880768615478 56
1758578269047 0.9977223966247574 57
1758578269050 0.9977152183245882 58
1758578269053 0.9978787980956505 59
1758578269056 0.9978626567552416 60
1758578269059 0.9980470963023393 61
1758578269062 0.9982169613262836 62
1758578269065 0.9981834960155224 63
1758578269068 0.9982417340908593 64
1758578269071 0.998276051829234 65
1758578269075 0.9983538071819553 66
1758578269078 0.9984285770184846 67
1758578269081 0.9984692046200775 68
1758578269084 0.9984714150311681 69
1758578269087 0.9984819916107486 70
1758578269090 0.9985087274527432 71
1758578269094 0.9985680010525193 72
1758578269097 0.9986071034776509 73
1758578269100 0.9986003897316466 74
1758578269103 0.9986477645130959 75
1758578269106 0.9987023855146103 76
1758578269109 0.9987184190710172 77
1758578269112 0.9987516071973109 78
1758578269115 0.9987728377769453 79
1758578269118 0.9987929170385311 80
1758578269128 0.9988007607023567 81
1758578269131 0.9988348983709596 82
1758578269135 0.998828948671579 83
1758578269138 0.9988411315746042 84
1758578269141 0.9988652580532629 85
1758578269144 0.9988706586380051 86
1758578269147 0.9988794748128412 87
1758578269150 0.9989104168419531 88
1758578269153 0.9989099350028503 89
1758578269156 0.9989316237293403 90
1758578269159 0.9989419687424925 91
1758578269163 0.9989463484893336 92
1758578269166 0.9989679002966871 93
1758578269169 0.9989961062925933 94
1758578269172 0.9990043914831481 95
1758578269175 0.9990085557651073 96
1758578269177 0.9990297366861043 97
1758578269181 0.9990368270532046 98
1758578269184 0.9990645142212374 99
1758578269187 0.9990775067571062 100
1758578269190 0.999087116621081 101
1758578269194 0.9990926874537659 102
1758578269197 0.999115320268588 103
1758578269200 0.9991293236717476 104
1758578269204 0.9991384975792914 105
1758578269207 0.9991604027811459 106
1758578269211 0.999168610354124 107
1758578269215 0.999181553473042 108
1758578269218 0.9991835533288693 109
1758578269221 0.9991834919434489 110
1758578269225 0.9992143944783519 111
1758578269244 0.99922775783319 112
1758578269248 0.9992387842443835 113
1758578269259 0.9992505281913867 114
1758578269262 0.9992648418161193 115
1758578269266 0.999271329011001 116
1758578269270 0.9992793578158009 117
1758578269273 0.9992870989195005 118
1758578269276 0.9992904237339962 119
1758578269279 0.9992972007184399 120
1758578269283 0.9993096818690141 121
1758578269287 0.9993074845431167 122
1758578269290 0.9993235929535348 123
1758578269294 0.9993350337950414 124
1758578269297 0.999336799993154 125
1758578269301 0.999358765845697 126
1758578269304 0.9993649264560223 127
1758578269307 0.999365712812261 128
1758578269310 0.9993725364887046 129
1758578269313 0.9993826044151888 130
1758578269317 0.9993936987889114 131
1758578268880 0.9731891504908222 0
