1758578269817 0.6480102321285008 0
1758578269822 0.607399795206069 1
1758578269825 0.570162313860257 2
1758578269829 0.536090059618018 3
1758578269833 0.5051735544273427 4
1758578269837 0.48989789357639707 5
1758578269841 0.4623244994806918 6
1758578269845 0.437324405263833 7
1758578269849 0.4138360239384533 8
1758578269853 0.39228944985094966 9
1758578269857 0.372436312067191 10
1758578269861 0.35362508842671014 11
1758578269865 0.3357889881639113 12
1758578269869 0.3272170008673677 13
1758578269874 0.31105785317897156 14
1758578269878 0.2960208821823746 15
1758578269882 0.28894225709799454 16
1758578269886 0.2752597371472322 17
1758578269891 0.2624590838737048 18
1758578269895 0.2503110836946272 19
1758578269898 0.24483059693934703 20
1758578269903 0.23378374603297442 21
1758578269907 0.22340969364769542 22
1758578269911 0.21883031906328362 23
1758578269915 0.20933749087528214 24
1758578269919 0.2003947118363709 25
1758578269923 0.1920031076427676 26
1758578269927 0.1841134795767908 27
1758578269931 0.18064751135138146 28
1758578269936 0.17322801895125137 29
1758578269940 0.16639984691967707 30
1758578269944 0.15997776502852518 31
1758578269948 0.15375899298532208 32
1758578269952 0.14790614953586104 33
1758578269957 0.14249706089318473 34
1758578269961 0.13734904050792865 35
1758578269965 0.1351493230542243 36
1758578269970 0.13028893952942555 37
1758578269974 0.12572332273546866 38
1758578269978 0.12146488215299091 39
1758578269983 0.11741774901755721 40
1758578269987 0.11361062191735913 41
1758578269991 0.10999061313534916 42
1758578269996 0.10658741102662993 43
1758578270000 0.10338302014031008 44
1758578270005 0.1016103290209676 45
1758578270009 0.09858336414719898 46
1758578270013 0.09573680981136792 47
1758578270017 0.0929981040849402 48
1758578270022 0.09044827888106924 49
1758578270026 0.08750978895658254 50
1758578270030 0.08515569460294838 51
1758578270034 0.08260135423323002 52
1758578270038 0.08047119617215538 53
1758578270042 0.07828325343588054 54
1758578270047 0.0763654678248853 55
1758578270051 0.07450568781282292 56
1758578270055 0.07234041236049323 57
1758578270059 0.07069002323842302 58
1758578270064 0.06883714303636437 59
1758578270068 0.06703480787217553 60
1758578270073 0.06539170156107488 61
1758578270077 0.06383706009265253 62
1758578270081 0.0625204173982449 63
1758578270085 0.06107570444864983 64
1758578270089 0.0597994893126283 65
1758578270093 0.05839343159879492 66
1758578270097 0.05729152615432622 67
1758578270102 0.05614770204915602 68
1758578270106 0.055054809278847545 69
1758578270110 0.05405342411171691 70
1758578270115 0.05294853345014791 71
1758578270119 0.05188584066708284 72
1758578270123 0.05089699577235125 73
1758578270127 0.05005768995951 74
1758578270132 0.04911965210500212 75
1758578270136 0.04817240198712165 76
1758578270140 0.0473028588378168 77
1758578270145 0.04644932109093142 78
1758578270155 0.04565139690562756 79
1758578270164 0.04487278163736415 80
1758578270170 0.044152772370734845 81
1758578270180 0.04347125675278161 82
1758578270187 0.0427710769402211 83
1758578270193 0.042103907940852975 84
1758578270200 0.04148238433621728 85
1758578270204 0.0408567042615629 86
1758578270209 0.04031464409740698 87
1758578270224 0.03990104572144971 88
1758578270234 0.039302802185447794 89
1758578270239 0.03872927217902268 90
1758578270246 0.03821196610311499 91
1758578270251 0.03774867003209212 92
1758578270258 0.03720695057118566 93
1758578270263 0.03674095639541145 94
1758578270269 0.03616208179695571 95
1758578270275 0.035692254996333925 96
1758578270281 0.035262907136974546 97
1758578270286 0.03488604812048738 98
1758578270291 0.034391911882979034 99
1758578270296 0.03392437261739054 100
1758578270301 0.0335512179998395 101
1758578270307 0.033189317283493266 102
1758578270313 0.032831324695314364 103
1758578270317 0.0324925505554679 104
1758578270323 0.03210350273128697 105
1758578270328 0.03174419812158835 106
1758578270333 0.031395023520958305 107
1758578270339 0.03106445713546058 108
1758578270344 0.030783838057562813 109
1758578270350 0.03048513002842942 110
1758578270355 0.030180953945241385 111
1758578270360 0.029793337466964435 112
1758578270366 0.029489355966725174 113
1758578270371 0.029212897238305485 114
1758578270376 0.02892356338290153 115
1758578270383 0.02859580725070654 116
1758578270388 0.02833367887917954 117
1758578270393 0.028071094380313685 118
1758578270399 0.027802487659304945 119
1758578270405 0.027570585649060588 120
1758578270411 0.027266677039624546 121
1758578270416 0.02700307102047731 122
1758578270422 0.026788856789254686 123
1758578270428 0.026553772623359215 124
1758578270433 0.026347075370543694 125
1758578270438 0.0261236106143283 126
1758578270445 0.025864146634019494 127
1758578270450 0.025653298722903856 128
1758578270455 0.025455213466173156 129
1758578270460 0.02527587422434848 130
1758578270466 0.025034839709885022 131
1758578269817 0.6480102321285008 0
