1758578404834 0.6520020642196804 0
1758578404838 0.608738204759122 1
1758578404842 0.569316837229132 2
1758578404847 0.5333582394565235 3
1758578404851 0.5005105999076701 4
1758578404855 0.4700770136538741 5
1758578404859 0.44185239460839953 6
1758578404863 0.4159722755363762 7
1758578404868 0.3918140472157041 8
1758578404874 0.3693931354418431 9
1758578404878 0.3485858295044017 10
1758578404883 0.3289429761236063 11
1758578404888 0.31327401302473756 12
1758578404892 0.2960351675888037 13
1758578404896 0.2798967414505655 14
1758578404900 0.2648294574231099 15
1758578404904 0.2506887134671705 16
1758578404909 0.23741397172460343 17
1758578404913 0.22500514863920465 18
1758578404919 0.2133265767396727 19
1758578404924 0.20234642704295397 20
1758578404929 0.19202208770029228 21
1758578404933 0.18224192994092414 22
1758578404938 0.1730860206149434 23
1758578404942 0.165716325435167 24
1758578404947 0.15845154992586447 25
1758578404951 0.15161869138428147 26
1758578404956 0.144153489308514 27
1758578404960 0.1371217060424331 28
1758578404964 0.1304818636742401 29
1758578404968 0.12422594248066665 30
1758578404973 0.11827591762389314 31
1758578404978 0.11263886774949844 32
1758578404981 0.10790741478280698 33
1758578404986 0.10283606131653855 34
1758578404992 0.09803950516832587 35
1758578404996 0.0934974358612147 36
1758578405001 0.08917764360031999 37
1758578405006 0.08513421758692714 38
1758578405011 0.0812819084718749 39
1758578405014 0.07763788769816823 40
1758578405019 0.07416977198188096 41
1758578405024 0.07089467722545692 42
1758578405028 0.06773985354401649 43
1758578405032 0.06478644260183788 44
1758578405036 0.06198827534593786 45
1758578405041 0.059320162171705895 46
1758578405045 0.056786135900340214 47
1758578405049 0.05438164461175513 48
1758578405054 0.05206721223127753 49
1758578405059 0.049876718782753265 50
1758578405063 0.04782530689078065 51
1758578405068 0.04586211107083057 52
1758578405073 0.04398127678070135 53
1758578405077 0.042235082435986934 54
1758578405081 0.0405630530847657 55
1758578405086 0.039162837011986786 56
1758578405091 0.03762504590058162 57
1758578405096 0.03616728799106398 58
1758578405100 0.03475417879320638 59
1758578405105 0.033432226748911525 60
1758578405110 0.03220903166993443 61
1758578405114 0.030996294651906484 62
1758578405119 0.029853277851604375 63
1758578405124 0.028756005364732974 64
1758578405128 0.02770821496295897 65
1758578405132 0.02672467154111359 66
1758578405138 0.02577405405561509 67
1758578405143 0.02502459991389978 68
1758578405147 0.024136000608011302 69
1758578405151 0.023271194040713178 70
1758578405156 0.022475080255280895 71
1758578405160 0.02171842765554392 72
1758578405164 0.02101797759667358 73
1758578405169 0.020325308676746968 74
1758578405173 0.01966478686818135 75
1758578405177 0.0191020855040722 76
1758578405182 0.01848904926113738 77
1758578405187 0.017910341333348595 78
1758578405191 0.017334932083291132 79
1758578405197 0.016864008570422563 80
1758578405202 0.016347272111832265 81
1758578405206 0.015864312841467422 82
1758578405211 0.01539445703635409 83
1758578405215 0.01492741113624072 84
1758578405220 0.014500679347658101 85
1758578405224 0.014080162924633741 86
1758578405230 0.0136860889308335 87
1758578405235 0.013278978475030222 88
1758578405240 0.012912275919820816 89
1758578405246 0.012573019188464934 90
1758578405251 0.012238166406275284 91
1758578405257 0.01187273044086045 92
1758578405262 0.011532145836909561 93
1758578405267 0.011216284775050999 94
1758578405272 0.010897809085886036 95
1758578405277 0.010614402506503364 96
1758578405284 0.010329526914155458 97
1758578405289 0.010054832019122308 98
1758578405294 0.009784022373542672 99
1758578405299 0.009559490552761538 100
1758578405305 0.009321226083005124 101
1758578405311 0.009117110432691212 102
1758578405316 0.008878369482054524 103
1758578405321 0.008677927525802761 104
1758578405326 0.008464728136987594 105
1758578405331 0.008224811817643632 106
1758578405336 0.00801698757016008 107
1758578405343 0.007851022978682001 108
1758578405348 0.007632481928044315 109
1758578405356 0.007435286929831765 110
1758578405361 0.007259430421025514 111
1758578405366 0.0070899484021588926 112
1758578405374 0.006926303035926182 113
1758578405381 0.006756281843402123 114
1758578405386 0.006591107437807249 115
1758578405391 0.006466522012160841 116
1758578405396 0.006346804875246456 117
1758578405400 0.006197880907158718 118
1758578405405 0.006049339148620633 119
1758578405410 0.005930173418390267 120
1758578405415 0.005784027227391904 121
1758578405421 0.005644440037043546 122
1758578405427 0.005500742257018319 123
1758578405433 0.005376982090186808 124
1758578405439 0.005237375539057341 125
1758578405446 0.005128458292831496 126
1758578405451 0.005008813329199615 127
1758578404834 0.6520020642196804 0
