1758578403886 0.945757791426677 0
1758578403888 0.9966295392937714 1
1758578403896 0.9972545670595842 2
1758578403899 0.9972783977580314 3
1758578403903 0.9972820619737007 4
1758578403906 0.9974719318710125 5
1758578403911 0.9976161464089435 6
1758578403914 0.9976186863451415 7
1758578403917 0.997639336193998 8
1758578403920 0.9978058541789725 9
1758578403923 0.9978157434217033 10
1758578403926 0.9979343370622458 11
1758578403930 0.9979360349834133 12
1758578403933 0.9979720750098641 13
1758578403935 0.997985816248728 14
1758578403938 0.9979948641739855 15
1758578403941 0.998001502972447 16
1758578403944 0.9980082163632664 17
1758578403948 0.9980124320204099 18
1758578403951 0.9980147694335022 19
1758578403954 0.99801642350272 20
1758578403957 0.998018311525281 21
1758578403960 0.9982508237924029 22
1758578403963 0.9982507229370988 23
1758578403967 0.9987697138757059 24
1758578403969 0.9990004161983644 25
1758578403972 0.999198616691383 26
1758578403975 0.999221411466843 27
1758578403980 0.9993018222388192 28
1758578403983 0.9993065065725647 29
1758578403987 0.9993142444421613 30
1758578403989 0.9993154236928575 31
1758578403993 0.9993162619321685 32
1758578403995 0.9993498503475406 33
1758578403998 0.9993495844571378 34
1758578404001 0.9993579258348563 35
1758578404004 0.9993529706314114 36
1758578404007 0.9993512228264391 37
1758578404011 0.9993560315649526 38
1758578404014 0.9993558557781367 39
1758578404017 0.9993556596518378 40
1758578404021 0.9993554501202675 41
1758578404024 0.999354258219319 42
1758578404027 0.9993575986954287 43
1758578404031 0.9993858687080517 44
1758578404035 0.9993877428530061 45
1758578404039 0.9993895611898546 46
1758578404042 0.9993831655773188 47
1758578404045 0.9993795022607566 48
1758578404049 0.999378737158837 49
1758578404051 0.9993768221568787 50
1758578404055 0.9993752335515964 51
1758578404058 0.9993754036633059 52
1758578404061 0.999373859440351 53
1758578404065 0.9993820379035815 54
1758578404068 0.9993821165602765 55
1758578404071 0.9994050740828867 56
1758578404075 0.9994045645125266 57
1758578404078 0.9994036750422951 58
1758578404081 0.9994110637038801 59
1758578404084 0.9994829962475008 60
1758578404088 0.9994810603619886 61
1758578404091 0.9994826318242528 62
1758578404094 0.9994993860168463 63
1758578404098 0.9995129895537788 64
1758578404101 0.9995252819976768 65
1758578404104 0.9995523119723738 66
1758578404108 0.9995541955989834 67
1758578404111 0.9995574122712246 68
1758578404113 0.9995793650288975 69
1758578404117 0.9995999279481239 70
1758578404120 0.9996019480126541 71
1758578404124 0.9996238298014066 72
1758578404128 0.9996240412511793 73
1758578404131 0.9996242269818643 74
1758578404134 0.999625549054389 75
1758578404138 0.9996238189214814 76
1758578404141 0.9996243783066127 77
1758578404144 0.9996266217673822 78
1758578404148 0.9996352728542317 79
1758578404151 0.9996912318161654 80
1758578404155 0.9997229804257763 81
1758578404159 0.9997216317693405 82
1758578404162 0.9997441928872873 83
1758578404166 0.9998037308319605 84
1758578404169 0.9998058222649079 85
1758578404173 0.9998099742576891 86
1758578404176 0.9998119053162889 87
1758578404180 0.9998153403007045 88
1758578404183 0.9998154412459093 89
1758578404186 0.9998163907773298 90
1758578404190 0.9998166121109371 91
1758578404194 0.9998188048174232 92
1758578404197 0.9998356167147214 93
1758578404200 0.9998385867520108 94
1758578404203 0.9998421991760059 95
1758578404207 0.9998694592344416 96
1758578404211 0.9998699107050858 97
1758578404214 0.9998888574768182 98
1758578404217 0.9998917160328382 99
1758578404221 0.9999013296013138 100
1758578404225 0.9999034574864899 101
1758578404228 0.9999004826199522 102
1758578404231 0.9998954684647856 103
1758578404235 0.99989586536824 104
1758578404239 0.9998994106841639 105
1758578404242 0.9998998997278186 106
1758578404246 0.9999015591736132 107
1758578404250 0.99990247710868 108
1758578404254 0.9999034241838173 109
1758578404258 0.9999023631538378 110
1758578404261 0.99990317135605 111
1758578404265 0.9999037469441583 112
1758578404268 0.9999079381562659 113
1758578404273 0.9999085751078138 114
1758578404276 0.9999044915943508 115
1758578404279 0.9999038977853072 116
1758578404282 0.9999047786938468 117
1758578404285 0.9999316944933535 118
1758578404288 0.9999320810229945 119
1758578404293 0.9999369601863719 120
1758578404297 0.9999371764649706 121
1758578404300 0.9999427778902512 122
1758578404303 0.9999517061510026 123
1758578404307 0.9999519381122302 124
1758578404311 0.9999541776333849 125
1758578404314 0.9999544924866157 126
1758578404318 0.9999541253272013 127
1758578403886 0.945757791426677 0
