1758578100012 0.01179851630282589 0
1758578100016 0.0041496333859767556 1
1758578100019 0.003690823256496206 2
1758578100023 0.0034040112325773005 3
1758578100027 0.0031872580427960945 4
1758578100031 0.003026720552123086 5
1758578100035 0.002879717915811207 6
1758578100039 0.0027373370763519593 7
1758578100043 0.002625922272815657 8
1758578100046 0.0025119708943580534 9
1758578100050 0.0024090332523231156 10
1758578100054 0.0023048220000394465 11
1758578100058 0.002237629669958414 12
1758578100061 0.002158689251660671 13
1758578100065 0.0020770920037379123 14
1758578100068 0.0019953409596611222 15
1758578100072 0.0019042065603422724 16
1758578100077 0.001833263010926379 17
1758578100080 0.00177051591346329 18
1758578100083 0.0017236071130293975 19
1758578100087 0.0016666873783703527 20
1758578100091 0.0016186956915357738 21
1758578100095 0.0015693777902183285 22
1758578100098 0.0015232669504926268 23
1758578100101 0.0014763857669020488 24
1758578100105 0.0014315801875486322 25
1758578100109 0.0013936131098498752 26
1758578100113 0.0013571077306135885 27
1758578100117 0.0013142227464141576 28
1758578100121 0.00127845621932724 29
1758578100124 0.00123699387232235 30
1758578100128 0.0011987115572186188 31
1758578100132 0.0011630942623828593 32
1758578100135 0.001103953379479894 33
1758578100139 0.001074282860950012 34
1758578100143 0.0010435192248798174 35
1758578100147 0.0009867368175653028 36
1758578100151 0.0009547940223699223 37
1758578100155 0.0009249027788523859 38
1758578100159 0.0008999626948320057 39
1758578100163 0.0008734862982237485 40
1758578100167 0.0008530102232869477 41
1758578100170 0.0008306034646920262 42
1758578100175 0.000808721493123554 43
1758578100179 0.0007901775318903437 44
1758578100182 0.0007657700174134668 45
1758578100186 0.0007425218283372639 46
1758578100191 0.000721126484657342 47
1758578100194 0.000706042035999477 48
1758578100198 0.0006907430006188421 49
1758578100202 0.0006741886057019833 50
1758578100206 0.0006540000980795618 51
1758578100210 0.0006384315599447358 52
1758578100214 0.0006241470532989386 53
1758578100217 0.0006095481682374189 54
1758578100221 0.0005931553808536061 55
1758578100225 0.0005792250805644394 56
1758578100229 0.0005671907777945336 57
1758578100233 0.0005514989870786783 58
1758578100236 0.0005404081538441223 59
1758578100241 0.000529147239449954 60
1758578100245 0.0005172773610551104 61
1758578100249 0.0005068687620242156 62
1758578100252 0.0004962268567654646 63
1758578100256 0.0004864896993733823 64
1758578100260 0.00047661200375789445 65
1758578100264 0.0004638959874492575 66
1758578100267 0.000453920350336489 67
1758578100271 0.00044268263418888724 68
1758578100275 0.0004334700679192963 69
1758578100279 0.0004251002712870207 70
1758578100283 0.00041577049998681924 71
1758578100287 0.00040555181260610446 72
1758578100291 0.000394866724680994 73
1758578100295 0.0003874175048694488 74
1758578100298 0.0003803087541558554 75
1758578100302 0.0003706848016889074 76
1758578100306 0.00036386638627985816 77
1758578100310 0.0003555619941686145 78
1758578100314 0.0003487428620804802 79
1758578100318 0.0003410712428062529 80
1758578100321 0.00033498400354355876 81
1758578100326 0.00032678959546548255 82
1758578100330 0.0003206848058584857 83
1758578100333 0.0003138328965610449 84
1758578100337 0.0003074850280151123 85
1758578100341 0.00030155789274786054 86
1758578100345 0.0002960369941844768 87
1758578100349 0.00029025822503728026 88
1758578100353 0.00028434588705958803 89
1758578100356 0.0002793253438189893 90
1758578100361 0.0002750157245496946 91
1758578100364 0.0002694923885542228 92
1758578100368 0.0002643373066296063 93
1758578100372 0.00025975644462114826 94
1758578100376 0.0002544907676406877 95
1758578100380 0.00025016941033252405 96
1758578100384 0.00024539774959205787 97
1758578100388 0.00024063345828663385 98
1758578100392 0.0002350175423804269 99
1758578100396 0.00023093373713517902 100
1758578100400 0.0002258737075606252 101
1758578100403 0.0002215856251253028 102
1758578100408 0.00021796796938052432 103
1758578100412 0.00021356594021872572 104
1758578100416 0.00021030507156438773 105
1758578100420 0.00020707366750350614 106
1758578100424 0.0002040309832732272 107
1758578100012 0.01179851630282589 0
