1758578099321 0.1601971818328965 0
1758578099324 0.3241084147295782 1
1758578099327 0.5153000206518865 2
1758578099330 0.585144320069474 3
1758578099333 0.6143988619982879 4
1758578099337 0.6819788655099842 5
1758578099340 0.70023944151838 6
1758578099342 0.7241145719150138 7
1758578099345 0.7346129760112428 8
1758578099347 0.7504841659872667 9
1758578099350 0.7613441083584599 10
1758578099352 0.7742489624200737 11
1758578099355 0.7859366529184634 12
1758578099358 0.8066657603408676 13
1758578099361 0.8277780129701615 14
1758578099363 0.8415614297743873 15
1758578099366 0.8542972401094435 16
1758578099368 0.8631487434438079 17
1758578099371 0.8737010537768786 18
1758578099374 0.8783927218049767 19
1758578099377 0.8868285100376445 20
1758578099379 0.8927635141820831 21
1758578099382 0.8969547452770329 22
1758578099385 0.901449579848892 23
1758578099388 0.9072023173033396 24
1758578099391 0.918264613300463 25
1758578099394 0.9210543367115579 26
1758578099397 0.9244567122176716 27
1758578099400 0.9286148734815314 28
1758578099403 0.931805122605498 29
1758578099406 0.9381967405129401 30
1758578099409 0.9393322959298142 31
1758578099412 0.9425202186730331 32
1758578099414 0.9490937219469967 33
1758578099417 0.9509135502175401 34
1758578099419 0.9551967039190771 35
1758578099422 0.9645738933614301 36
1758578099425 0.9688432600865419 37
1758578099428 0.9729031511256936 38
1758578099430 0.9749911169943302 39
1758578099433 0.9783903892704815 40
1758578099436 0.9797334885049466 41
1758578099439 0.9798319630596606 42
1758578099442 0.979985184559564 43
1758578099445 0.9793546675356043 44
1758578099448 0.9818705859456438 45
1758578099450 0.9839157065547632 46
1758578099454 0.9873141726560426 47
1758578099457 0.9879703674026319 48
1758578099460 0.9879703674026319 49
1758578099462 0.989554861447422 50
1758578099465 0.9902929986922279 51
1758578099467 0.9907773333466444 52
1758578099470 0.9916075140948579 53
1758578099473 0.9927714553053263 54
1758578099476 0.9932875474591156 55
1758578099479 0.9932875474591156 56
1758578099482 0.9932875474591156 57
1758578099484 0.9940591103732634 58
1758578099487 0.9955011631786562 59
1758578099490 0.9965051221392898 60
1758578099493 0.9968265621907202 61
1758578099496 0.9968265621907202 62
1758578099499 0.9965051221392898 63
1758578099502 0.9965051221392898 64
1758578099505 0.9971418207027 65
1758578099508 0.9971418207027 66
1758578099511 0.9971418207027 67
1758578099514 0.9977547132116643 68
1758578099517 0.9983455158516472 69
1758578099520 0.9986331201081903 70
1758578099523 0.9986331201081903 71
1758578099526 0.9986331201081903 72
1758578099529 0.9986331201081903 73
1758578099532 0.9986331201081903 74
1758578099534 0.9994668446740818 75
1758578099537 0.9997355896351137 76
1758578099540 0.9997355896351137 77
1758578099543 0.9994668446740818 78
1758578099546 0.9997355896351137 79
1758578099549 0.9997355896351137 80
1758578099551 0.9997355896351137 81
1758578099554 1.0 82
1758578099558 1.0 83
1758578099560 0.9997355896351137 84
1758578099564 0.9997355896351137 85
1758578099566 1.0 86
1758578099569 1.0 87
1758578099572 1.0 88
1758578099576 1.0 89
1758578099579 1.0 90
1758578099582 1.0 91
1758578099585 1.0 92
1758578099588 1.0 93
1758578099591 1.0 94
1758578099594 1.0 95
1758578099597 1.0 96
1758578099600 1.0 97
1758578099603 1.0 98
1758578099606 1.0 99
1758578099609 1.0 100
1758578099612 1.0 101
1758578099615 1.0 102
1758578099618 1.0 103
1758578099621 1.0 104
1758578099624 1.0 105
1758578099627 1.0 106
1758578099630 1.0 107
1758578099321 0.1601971818328965 0
