1758578191077 0.11661184532210152 0
1758578191079 0.13283726316338085 1
1758578191083 0.13596490425926414 2
1758578191086 0.143963502063441 3
1758578191089 0.14443813926855598 4
1758578191092 0.2934466860346501 5
1758578191096 0.2960554012231246 6
1758578191099 0.29646109476010263 7
1758578191101 0.297980698910754 8
1758578191104 0.29996646271943234 9
1758578191107 0.3014045259841068 10
1758578191110 0.34586947336022444 11
1758578191112 0.3608928279366928 12
1758578191115 0.3650077280681776 13
1758578191118 0.3654502060252024 14
1758578191121 0.3699247307724549 15
1758578191124 0.3777483514732 16
1758578191127 0.38547692346229245 17
1758578191130 0.3952277635701324 18
1758578191133 0.3996783609961171 19
1758578191136 0.41805481170365827 20
1758578191139 0.4211984824745333 21
1758578191142 0.42433604997751323 22
1758578191145 0.4389453789885983 23
1758578191149 0.44888138678758893 24
1758578191152 0.43880108585509514 25
1758578191155 0.4614689304382779 26
1758578191158 0.4655162558751662 27
1758578191161 0.4741143065872762 28
1758578191164 0.47855880585901717 29
1758578191166 0.4826438934273418 30
1758578191170 0.49142451413862576 31
1758578191174 0.49544293697352143 32
1758578191176 0.5000881821256755 33
1758578191179 0.5051827816203439 34
1758578191182 0.5098152556544192 35
1758578191185 0.521859185154802 36
1758578191188 0.531469104636086 37
1758578191191 0.5443126416249858 38
1758578191195 0.5533303093726661 39
1758578191197 0.562151801782023 40
1758578191200 0.571129908919983 41
1758578191204 0.5818472718623601 42
1758578191207 0.5886951540500182 43
1758578191210 0.5953154837320211 44
1758578191213 0.6089100275860131 45
1758578191216 0.6206309681155308 46
1758578191220 0.6295869143114963 47
1758578191223 0.6451610737707174 48
1758578191227 0.6532597867138359 49
1758578191231 0.6620190115012234 50
1758578191233 0.6708924675363066 51
1758578191237 0.6784098934731237 52
1758578191240 0.689727521445936 53
1758578191244 0.7058748588033233 54
1758578191247 0.7144368464891347 55
1758578191250 0.7213842822701465 56
1758578191254 0.7311369330186545 57
1758578191258 0.7384607498102667 58
1758578191261 0.7481465662157439 59
1758578191264 0.7573555037885994 60
1758578191267 0.7667602313062671 61
1758578191270 0.7744168419021349 62
1758578191274 0.7799329739212227 63
1758578191277 0.7868377329326939 64
1758578191280 0.7921604279014579 65
1758578191284 0.7988242113883655 66
1758578191288 0.8037591952410924 67
1758578191291 0.8102327669526319 68
1758578191294 0.8169887216385348 69
1758578191298 0.823636393925545 70
1758578191301 0.8319876840375754 71
1758578191304 0.8379521373286131 72
1758578191308 0.8459445745881837 73
1758578191311 0.8538892263731679 74
1758578191314 0.8576296195730003 75
1758578191317 0.8646663776963337 76
1758578191320 0.8711454850424767 77
1758578191324 0.8804713381437274 78
1758578191327 0.8816160387707174 79
1758578191330 0.8905511413365309 80
1758578191333 0.8911174970297463 81
1758578191336 0.8953347553224329 82
1758578191340 0.9018549732871085 83
1758578191343 0.9077820288688054 84
1758578191346 0.9161015330452934 85
1758578191349 0.9203729190581478 86
1758578191353 0.9235170800185823 87
1758578191357 0.9275977361770742 88
1758578191360 0.93082305232122 89
1758578191363 0.9320492971007389 90
1758578191366 0.9363576587950375 91
1758578191370 0.9401957631388421 92
1758578191373 0.9414773755093199 93
1758578191377 0.9438463040865465 94
1758578191380 0.9455298905477639 95
1758578191383 0.9479169382999562 96
1758578191386 0.9519781483325825 97
1758578191390 0.9561643787555099 98
1758578191394 0.9578354539355475 99
1758578191397 0.9601244815044578 100
1758578191401 0.960788794547554 101
1758578191404 0.9624585686772323 102
1758578191408 0.9639090057303323 103
1758578191412 0.9663429105350896 104
1758578191416 0.9658984623014766 105
1758578191419 0.9681511515710229 106
1758578191423 0.968168133809687 107
1758578191428 0.9715811319876884 108
1758578191431 0.9716948030115073 109
1758578191434 0.9740412208433269 110
1758578191437 0.9774411502866759 111
1758578191441 0.9774411502866759 112
1758578191445 0.9783815879519797 113
1758578191448 0.9819312095136588 114
1758578191451 0.9820192549514626 115
1758578191454 0.9823066724519949 116
1758578191458 0.9824877931034848 117
1758578191462 0.9856386367995531 118
1758578191466 0.9856889302028577 119
1758578191469 0.9870151162933156 120
1758578191473 0.9870151162933156 121
1758578191477 0.9888504485328754 122
1758578191481 0.989132916999123 123
1758578191485 0.989132916999123 124
1758578191489 0.9893524077805101 125
1758578191493 0.9903850421956356 126
1758578191497 0.9906536353233563 127
1758578191501 0.9929182944553191 128
1758578191505 0.9942074470933939 129
1758578191508 0.9942074470933939 130
1758578191513 0.9942074470933939 131
1758578191517 0.9943091739286661 132
1758578191520 0.9954916266142302 133
1758578191523 0.9959508688645172 134
1758578191527 0.9959508688645172 135
1758578191531 0.9965525137284572 136
1758578191534 0.9970892038143276 137
1758578191538 0.9973410232094575 138
1758578191542 0.9976286274660005 139
1758578191546 0.9981516576438497 140
1758578191550 0.9983996735168655 141
1758578191553 0.9983996735168655 142
1758578191558 0.9989157656706549 143
1758578191562 0.9989157656706549 144
1758578191566 0.9989157656706549 145
1758578191569 0.9991936206303659 146
1758578191573 0.9989157656706549 147
1758578191578 0.9994668446740818 148
1758578191582 0.9994668446740818 149
1758578191585 0.9994668446740818 150
1758578191588 0.9994668446740818 151
1758578191592 0.9994668446740818 152
1758578191596 0.9994668446740818 153
1758578191599 0.9994668446740818 154
1758578191602 0.9994668446740818 155
1758578191606 0.9994668446740818 156
1758578191610 0.9994668446740818 157
1758578191613 0.9994668446740818 158
1758578191617 0.9994668446740818 159
1758578191621 0.9994668446740818 160
1758578191627 0.9997355896351137 161
1758578191630 0.9997355896351137 162
1758578191634 0.9997355896351137 163
1758578191638 1.0 164
1758578191643 0.9997355896351137 165
1758578191646 0.9997355896351137 166
1758578191650 0.9997355896351137 167
1758578191653 0.9997355896351137 168
1758578191658 0.9997355896351137 169
1758578191662 0.9997355896351137 170
1758578191665 1.0 171
1758578191668 1.0 172
1758578191673 1.0 173
1758578191678 1.0 174
1758578191681 1.0 175
1758578191685 1.0 176
1758578191688 1.0 177
1758578191693 1.0 178
1758578191696 1.0 179
1758578191700 1.0 180
1758578191703 1.0 181
1758578191707 1.0 182
1758578191711 1.0 183
1758578191714 1.0 184
1758578191718 1.0 185
1758578191722 1.0 186
1758578191727 1.0 187
1758578191731 1.0 188
1758578191734 1.0 189
1758578191738 1.0 190
1758578191742 1.0 191
1758578191746 1.0 192
1758578191749 1.0 193
1758578191753 1.0 194
1758578191757 1.0 195
1758578191762 1.0 196
1758578191766 1.0 197
1758578191770 1.0 198
1758578191773 1.0 199
1758578191778 1.0 200
1758578191782 1.0 201
1758578191785 1.0 202
1758578191789 1.0 203
1758578191793 1.0 204
1758578191797 1.0 205
1758578191800 1.0 206
1758578191803 1.0 207
1758578191807 1.0 208
1758578191812 1.0 209
1758578191815 1.0 210
1758578191818 1.0 211
1758578191822 1.0 212
1758578191826 1.0 213
1758578191830 1.0 214
1758578191834 1.0 215
1758578191838 1.0 216
1758578191842 1.0 217
1758578191847 1.0 218
1758578191850 1.0 219
1758578191854 1.0 220
1758578191859 1.0 221
1758578191863 1.0 222
1758578191866 1.0 223
1758578191870 1.0 224
1758578191874 1.0 225
1758578191877 1.0 226
1758578191881 1.0 227
1758578191885 1.0 228
1758578191889 1.0 229
1758578191894 1.0 230
1758578191898 1.0 231
1758578191902 1.0 232
1758578191907 1.0 233
1758578191913 1.0 234
1758578191917 1.0 235
1758578191921 1.0 236
1758578191928 1.0 237
1758578191933 1.0 238
1758578191938 1.0 239
1758578191943 1.0 240
1758578191947 1.0 241
1758578191951 1.0 242
1758578191955 1.0 243
1758578191960 1.0 244
1758578191963 1.0 245
1758578191968 1.0 246
1758578191972 1.0 247
1758578191975 1.0 248
1758578191980 1.0 249
1758578191984 1.0 250
1758578191988 1.0 251
1758578191992 1.0 252
1758578191996 1.0 253
1758578192000 1.0 254
1758578192004 1.0 255
1758578192007 1.0 256
1758578192011 1.0 257
1758578192016 1.0 258
1758578191077 0.11661184532210152 0
