1758578193211 0.0077058956171661384 0
1758578193216 0.006928208120922774 1
1758578193221 0.006390303040082272 2
1758578193225 0.0060252488154627195 3
1758578193231 0.005718042539892992 4
1758578193236 0.005513514774439782 5
1758578193240 0.0052915862597765345 6
1758578193246 0.005100992604676746 7
1758578193251 0.004916744797327 8
1758578193256 0.004765985343288757 9
1758578193261 0.004616187052254125 10
1758578193267 0.004492944683720126 11
1758578193272 0.004372818792751168 12
1758578193277 0.004263802671123485 13
1758578193283 0.004162924365604031 14
1758578193288 0.004059938043312776 15
1758578193293 0.00396835872797969 16
1758578193298 0.0038553282256831322 17
1758578193303 0.0037718176546324036 18
1758578193308 0.0036779336943063095 19
1758578193313 0.003607533497655797 20
1758578193319 0.003537090165540021 21
1758578193323 0.003463609812870597 22
1758578193328 0.0034049070306427258 23
1758578193334 0.003344828054034389 24
1758578193338 0.00328698767669168 25
1758578193343 0.0032064719817260796 26
1758578193349 0.0031434270760089525 27
1758578193354 0.0030838497938189256 28
1758578193359 0.0030276419074748424 29
1758578193365 0.0029755407259333543 30
1758578193369 0.0029090288020749183 31
1758578193374 0.0028526801248451063 32
1758578193380 0.0028111257239905336 33
1758578193385 0.0027635916370017314 34
1758578193391 0.0026848448640696466 35
1758578193396 0.0026497300786761106 36
1758578193401 0.002586170090480044 37
1758578193406 0.002520275978229756 38
1758578193411 0.0024744222244263816 39
1758578193416 0.002432508541880185 40
1758578193421 0.002397692463833368 41
1758578193426 0.0023580176882960473 42
1758578193432 0.0023267257422898437 43
1758578193436 0.00229091651913268 44
1758578193441 0.0022515242424914254 45
1758578193447 0.0022180514991510824 46
1758578193452 0.0021579463989329453 47
1758578193457 0.0020827714742308544 48
1758578193463 0.0020574117588998196 49
1758578193468 0.002024034462978304 50
1758578193474 0.00199075647193629 51
1758578193479 0.001963832548235439 52
1758578193484 0.0019346473906012578 53
1758578193489 0.0019108981124923363 54
1758578193495 0.001885811490942048 55
1758578193500 0.0018560398777284516 56
1758578193505 0.0018301373085805967 57
1758578193510 0.0018096088892159275 58
1758578193516 0.0017823465388819711 59
1758578193521 0.0017605861853929405 60
1758578193526 0.0017324933618917604 61
1758578193531 0.0017119706298707245 62
1758578193537 0.0016910984172504783 63
1758578193543 0.0016726556324037868 64
1758578193548 0.001654255673065279 65
1758578193554 0.0016357967723871806 66
1758578193559 0.0016186668643821294 67
1758578193564 0.001597716296988296 68
1758578193570 0.00158204385283383 69
1758578193575 0.0015664075465763802 70
1758578193580 0.0015452256634316992 71
1758578193586 0.0015256899374895105 72
1758578193591 0.0015052166369944836 73
1758578193597 0.001480113168939425 74
1758578193602 0.0014638324304329718 75
1758578193607 0.001448928905918576 76
1758578193613 0.0014350918593061903 77
1758578193618 0.0014169538018829596 78
1758578193623 0.0014038882039778 79
1758578193628 0.0013854626378889728 80
1758578193634 0.0013734617472272244 81
1758578193639 0.0013609138723253813 82
1758578193645 0.001347332694365007 83
1758578193650 0.0013298738380269621 84
1758578193655 0.001311079517803101 85
1758578193661 0.0012923796457234608 86
1758578193666 0.0012792967731615394 87
1758578193672 0.0012636908432458994 88
1758578193677 0.0012518357028658933 89
1758578193683 0.001237941563724073 90
1758578193688 0.0012275229712429491 91
1758578193694 0.0012124673657224882 92
1758578193699 0.0012020762939943409 93
1758578193705 0.0011896927340241466 94
1758578193710 0.0011801189303846146 95
1758578193715 0.001168027284534752 96
1758578193721 0.0011555125929521698 97
1758578193726 0.0011427833928668 98
1758578193731 0.0011350584379989852 99
1758578193737 0.0011189557717692685 100
1758578193742 0.0011120564973837272 101
1758578193747 0.0011037592830163508 102
1758578193753 0.0010936137171300602 103
1758578193758 0.0010844725649988396 104
1758578193764 0.001073454252488061 105
1758578193770 0.0010614360283521286 106
1758578193776 0.0010519581585462213 107
1758578193781 0.0010392059499604136 108
1758578193787 0.001031626996249005 109
1758578193792 0.0010206099040449541 110
1758578193798 0.001012653626902112 111
1758578193803 0.0010070615398139037 112
1758578193808 0.0009972574207809048 113
1758578193814 0.000987639187551035 114
1758578193819 0.0009786366694295866 115
1758578193824 0.0009724104063259589 116
1758578193830 0.0009644146516735263 117
1758578193836 0.0009568594169688759 118
1758578193841 0.0009496922171362562 119
1758578193847 0.0009394826289746566 120
1758578193852 0.0009341303606675651 121
1758578193858 0.000922701990209421 122
1758578193864 0.0009138216881559838 123
1758578193869 0.0009071960080700011 124
1758578193874 0.0008988772604752288 125
1758578193880 0.0008883374485292885 126
1758578193885 0.0008808243395359146 127
1758578193891 0.0008738206055183964 128
1758578193897 0.000865106376922069 129
1758578193902 0.0008577641199305955 130
1758578193908 0.0008501839110315167 131
1758578193914 0.0008419105429362371 132
1758578193919 0.0008344238440125419 133
1758578193924 0.0008269483975007605 134
1758578193930 0.0008216058516659354 135
1758578193936 0.0008130640408053306 136
1758578193941 0.0008035085054899084 137
1758578193947 0.0007977189726004601 138
1758578193953 0.0007906514733572657 139
1758578193958 0.0007847678552039705 140
1758578193964 0.0007788565015208652 141
1758578193970 0.0007719282744538599 142
1758578193975 0.0007649467142270335 143
1758578193981 0.0007573680875908862 144
1758578193986 0.000750878783368604 145
1758578193992 0.0007456292538074328 146
1758578193997 0.0007392704144631986 147
1758578194003 0.0007341985326818845 148
1758578194008 0.0007297989523237167 149
1758578194014 0.0007230427227984082 150
1758578194019 0.0007181088514269064 151
1758578194025 0.0007114724971840306 152
1758578194031 0.0007058784851319856 153
1758578194036 0.000702069212802863 154
1758578194042 0.0006970629327597111 155
1758578194048 0.0006935586863824083 156
1758578194054 0.0006877531769002738 157
1758578194059 0.0006825965216009701 158
1758578194065 0.0006791208778213307 159
1758578194071 0.0006751600274834943 160
1758578194077 0.0006713920678441883 161
1758578194083 0.0006664171971520229 162
1758578194088 0.0006610441032373732 163
1758578194093 0.0006564957411803685 164
1758578194100 0.0006510923848459056 165
1758578194105 0.0006467778969174717 166
1758578194111 0.0006426061183238395 167
1758578194116 0.0006374513844574506 168
1758578194122 0.0006320737620953513 169
1758578194127 0.000624779216869817 170
1758578194133 0.0006219485758441344 171
1758578194139 0.0006166789038507888 172
1758578194144 0.0006113787583623665 173
1758578194150 0.0006076964541435021 174
1758578194156 0.0006023678609814978 175
1758578194162 0.000597211004670576 176
1758578194168 0.0005935168897323732 177
1758578194174 0.0005892295688345907 178
1758578194180 0.0005840030013342994 179
1758578194185 0.000577389542278628 180
1758578194191 0.0005745902452675464 181
1758578194197 0.000568744458387682 182
1758578194203 0.0005638697476424179 183
1758578194209 0.0005603712784710222 184
1758578194214 0.0005544520503723313 185
1758578194220 0.0005504529790555903 186
1758578194225 0.0005448348056072956 187
1758578194231 0.0005397456294288898 188
1758578194237 0.0005359678575032189 189
1758578194243 0.0005319515188969818 190
1758578194248 0.0005267019730979796 191
1758578194254 0.0005237778112376707 192
1758578194260 0.000520493792347648 193
1758578194266 0.0005164469424069768 194
1758578194273 0.0005133781374710573 195
1758578194279 0.0005091729942746453 196
1758578194285 0.0005066759491882936 197
1758578194290 0.0005033109544881174 198
1758578194297 0.0004979206617796788 199
1758578194302 0.0004941612193253141 200
1758578194308 0.0004908072148438033 201
1758578194314 0.00048658901005773817 202
1758578194319 0.00048345266562960866 203
1758578194325 0.0004798738807857097 204
1758578194331 0.00047705138685259747 205
1758578194337 0.00047289970405520144 206
1758578194342 0.000470547741450611 207
1758578194348 0.00046787284048566136 208
1758578194354 0.00046452672523179914 209
1758578194360 0.0004611356053993125 210
1758578194366 0.0004573870348610811 211
1758578194372 0.0004533555347377004 212
1758578194378 0.00045001982036776907 213
1758578194384 0.00044662738027473434 214
1758578194390 0.0004444633531459646 215
1758578194396 0.00044130677414315874 216
1758578194402 0.0004392502041144306 217
1758578194408 0.0004365856648964815 218
1758578194414 0.0004340361298406353 219
1758578194420 0.00043113964934829403 220
1758578194425 0.00042804673091107387 221
1758578194431 0.0004254978183043684 222
1758578194437 0.0004224605702736612 223
1758578194443 0.0004192663458529579 224
1758578194450 0.0004166793251036793 225
1758578194455 0.0004136037282456622 226
1758578194462 0.0004103510010251506 227
1758578194468 0.000406712377772394 228
1758578194473 0.0004043854529543897 229
1758578194480 0.00040244945113680124 230
1758578194485 0.00040089070532833425 231
1758578194491 0.00039761918292017005 232
1758578194497 0.0003958210031934654 233
1758578194503 0.00039245219901898093 234
1758578194509 0.000389326022546898 235
1758578194514 0.0003856138897427656 236
1758578194520 0.0003826269840301036 237
1758578194526 0.00037985033862739977 238
1758578194532 0.0003771979334506621 239
1758578194539 0.00037399086653029206 240
1758578194545 0.0003709631444436469 241
1758578194551 0.0003687533468644305 242
1758578194556 0.00036746341381967086 243
1758578194563 0.0003651525577191942 244
1758578194569 0.00036247027135125916 245
1758578194575 0.00035998268845048164 246
1758578194581 0.0003573372517418083 247
1758578194587 0.00035483589994591094 248
1758578194593 0.0003525876350310923 249
1758578194599 0.0003511359568242845 250
1758578194605 0.0003492059928597518 251
1758578194611 0.0003463007705437261 252
1758578194617 0.0003443933370020554 253
1758578194622 0.0003409300052256927 254
1758578194628 0.000338774566215813 255
1758578194635 0.0003361636755219855 256
1758578194640 0.00033448121276300646 257
1758578194647 0.00033107784230989624 258
1758578193211 0.0077058956171661384 0
