1758578114829 0.01179851630282589 0
1758578114833 0.0041496333859767556 1
1758578114836 0.0036908232564962064 2
1758578114840 0.0034040112325773005 3
1758578114843 0.0031872580427960945 4
1758578114847 0.003026720552123086 5
1758578114851 0.0028797179158112076 6
1758578114854 0.0027373370763519593 7
1758578114858 0.002625922272815657 8
1758578114862 0.0025119708943580534 9
1758578114866 0.002409033252323116 10
1758578114869 0.0023048220000394465 11
1758578114873 0.002237629669958414 12
1758578114877 0.002158689251660671 13
1758578114881 0.0020770920037379123 14
1758578114885 0.0019953409596611222 15
1758578114888 0.0019042065603422727 16
1758578114892 0.001833263010926379 17
1758578114896 0.0017705159134632899 18
1758578114900 0.0017236071130293975 19
1758578114903 0.0016666873783703527 20
1758578114907 0.0016186956915357738 21
1758578114910 0.0015693777902183285 22
1758578114914 0.0015232669504926266 23
1758578114918 0.0014763857669020488 24
1758578114921 0.0014315801875486322 25
1758578114925 0.001393613109849875 26
1758578114929 0.0013571077306135885 27
1758578114933 0.0013142227464141576 28
1758578114936 0.0012784562193272403 29
1758578114940 0.00123699387232235 30
1758578114944 0.0011987115572186188 31
1758578114948 0.0011630942623828593 32
1758578114952 0.0011039533794798943 33
1758578114955 0.001074282860950012 34
1758578114959 0.0010435192248798174 35
1758578114963 0.0009867368175653028 36
1758578114967 0.0009547940223699223 37
1758578114971 0.0009249027788523858 38
1758578114974 0.0008999626948320058 39
1758578114978 0.0008734862982237486 40
1758578114982 0.0008530102232869478 41
1758578114986 0.0008306034646920262 42
1758578114989 0.000808721493123554 43
1758578114993 0.0007901775318903436 44
1758578114997 0.0007657700174134666 45
1758578115001 0.0007425218283372639 46
1758578115005 0.0007211264846573421 47
1758578115009 0.000706042035999477 48
1758578115013 0.0006907430006188421 49
1758578115017 0.0006741886057019832 50
1758578115021 0.0006540000980795618 51
1758578115025 0.0006384315599447358 52
1758578115029 0.0006241470532989386 53
1758578115033 0.0006095481682374189 54
1758578115037 0.0005931553808536061 55
1758578115042 0.0005792250805644394 56
1758578115046 0.0005671907777945336 57
1758578115050 0.0005514989870786783 58
1758578115054 0.0005404081538441223 59
1758578115058 0.000529147239449954 60
1758578115061 0.0005172773610551103 61
1758578115066 0.0005068687620242156 62
1758578115070 0.0004962268567654645 63
1758578115073 0.0004864896993733822 64
1758578115077 0.00047661200375789445 65
1758578115081 0.00046389598744925754 66
1758578115085 0.000453920350336489 67
1758578115089 0.00044268263418888724 68
1758578115093 0.0004334700679192963 69
1758578115097 0.00042510027128702077 70
1758578115101 0.00041577049998681924 71
1758578115105 0.00040555181260610446 72
1758578115108 0.000394866724680994 73
1758578115112 0.0003874175048694488 74
1758578115116 0.0003803087541558554 75
1758578115120 0.0003706848016889074 76
1758578115124 0.00036386638627985816 77
1758578115128 0.0003555619941686145 78
1758578115133 0.00034874286208048017 79
1758578115137 0.0003410712428062529 80
1758578115141 0.00033498400354355876 81
1758578115145 0.0003267895954654825 82
1758578115149 0.00032068480585848564 83
1758578115153 0.0003138328965610449 84
1758578115157 0.00030748502801511234 85
1758578115161 0.00030155789274786054 86
1758578115165 0.0002960369941844767 87
1758578115169 0.00029025822503728026 88
1758578115173 0.0002843458870595881 89
1758578115176 0.0002793253438189893 90
1758578115181 0.00027501572454969453 91
1758578115185 0.0002694923885542228 92
1758578115189 0.0002643373066296063 93
1758578115192 0.00025975644462114826 94
1758578115197 0.00025449076764068773 95
1758578115201 0.0002501694103325241 96
1758578115205 0.00024539774959205787 97
1758578115208 0.00024063345828663387 98
1758578115213 0.0002350175423804269 99
1758578115216 0.000230933737135179 100
1758578115220 0.0002258737075606252 101
1758578115224 0.0002215856251253028 102
1758578115228 0.00021796796938052432 103
1758578115232 0.0002135659402187257 104
1758578115236 0.00021030507156438773 105
1758578115240 0.00020707366750350614 106
1758578115244 0.0002040309832732272 107
1758578115248 0.00020112899273570616 108
1758578115252 0.00019755593631597953 109
1758578115256 0.0001929004750194257 110
1758578115260 0.0001898040568995585 111
1758578115264 0.00018680260457505125 112
1758578115268 0.0001840535049490471 113
1758578114829 0.01179851630282589 0
