1758578114116 0.1601971818328965 0
1758578114118 0.3241084147295782 1
1758578114121 0.5153000206518865 2
1758578114123 0.585144320069474 3
1758578114126 0.6143988619982879 4
1758578114130 0.6819788655099842 5
1758578114132 0.70023944151838 6
1758578114135 0.7241145719150138 7
1758578114138 0.7346129760112428 8
1758578114140 0.7504841659872667 9
1758578114143 0.7613441083584599 10
1758578114146 0.7742489624200737 11
1758578114149 0.7859366529184634 12
1758578114151 0.8066657603408676 13
1758578114154 0.8277780129701615 14
1758578114157 0.8415614297743873 15
1758578114159 0.8542972401094435 16
1758578114162 0.8631487434438079 17
1758578114165 0.8737010537768786 18
1758578114168 0.8783927218049767 19
1758578114170 0.8868285100376445 20
1758578114173 0.8927635141820831 21
1758578114175 0.8969547452770329 22
1758578114178 0.901449579848892 23
1758578114181 0.9072023173033396 24
1758578114184 0.918264613300463 25
1758578114187 0.9210543367115579 26
1758578114189 0.9244567122176716 27
1758578114192 0.9286148734815314 28
1758578114196 0.931805122605498 29
1758578114199 0.9381967405129401 30
1758578114202 0.9393322959298142 31
1758578114205 0.9425202186730331 32
1758578114208 0.9490937219469967 33
1758578114211 0.9509135502175401 34
1758578114214 0.9551967039190771 35
1758578114217 0.9645738933614301 36
1758578114219 0.9688432600865419 37
1758578114222 0.9729031511256936 38
1758578114224 0.9749911169943302 39
1758578114227 0.9783903892704815 40
1758578114231 0.9797334885049466 41
1758578114233 0.9798319630596606 42
1758578114236 0.979985184559564 43
1758578114239 0.9793546675356043 44
1758578114242 0.9818705859456438 45
1758578114245 0.9839157065547632 46
1758578114248 0.9873141726560426 47
1758578114250 0.9879703674026319 48
1758578114253 0.9879703674026319 49
1758578114256 0.989554861447422 50
1758578114258 0.9902929986922279 51
1758578114262 0.9907773333466444 52
1758578114265 0.9916075140948579 53
1758578114267 0.9927714553053263 54
1758578114270 0.9932875474591156 55
1758578114273 0.9932875474591156 56
1758578114275 0.9932875474591156 57
1758578114279 0.9940591103732634 58
1758578114282 0.9955011631786562 59
1758578114285 0.9965051221392898 60
1758578114288 0.9968265621907202 61
1758578114290 0.9968265621907202 62
1758578114293 0.9965051221392898 63
1758578114297 0.9965051221392898 64
1758578114299 0.9971418207027 65
1758578114302 0.9971418207027 66
1758578114305 0.9971418207027 67
1758578114307 0.9977547132116643 68
1758578114311 0.9983455158516472 69
1758578114313 0.9986331201081903 70
1758578114316 0.9986331201081903 71
1758578114320 0.9986331201081903 72
1758578114322 0.9986331201081903 73
1758578114325 0.9986331201081903 74
1758578114329 0.9994668446740818 75
1758578114332 0.9997355896351137 76
1758578114335 0.9997355896351137 77
1758578114338 0.9994668446740818 78
1758578114340 0.9997355896351137 79
1758578114344 0.9997355896351137 80
1758578114347 0.9997355896351137 81
1758578114350 1.0 82
1758578114353 1.0 83
1758578114355 0.9997355896351137 84
1758578114358 0.9997355896351137 85
1758578114361 1.0 86
1758578114365 1.0 87
1758578114368 1.0 88
1758578114371 1.0 89
1758578114373 1.0 90
1758578114377 1.0 91
1758578114380 1.0 92
1758578114383 1.0 93
1758578114386 1.0 94
1758578114388 1.0 95
1758578114391 1.0 96
1758578114395 1.0 97
1758578114398 1.0 98
1758578114401 1.0 99
1758578114404 1.0 100
1758578114406 1.0 101
1758578114410 1.0 102
1758578114413 1.0 103
1758578114416 1.0 104
1758578114419 1.0 105
1758578114422 1.0 106
1758578114424 1.0 107
1758578114428 1.0 108
1758578114431 1.0 109
1758578114434 1.0 110
1758578114437 1.0 111
1758578114439 1.0 112
1758578114443 1.0 113
1758578114116 0.1601971818328965 0
