1758578163273 0.0077058956171661384 0
1758578163276 0.006928208120922773 1
1758578163281 0.006390303040082272 2
1758578163285 0.0060252488154627195 3
1758578163288 0.005718042539892993 4
1758578163292 0.005513514774439782 5
1758578163296 0.0052915862597765345 6
1758578163300 0.005100992604676745 7
1758578163304 0.004916744797327 8
1758578163308 0.004765985343288757 9
1758578163312 0.004616187052254125 10
1758578163316 0.004492944683720126 11
1758578163320 0.004372818792751168 12
1758578163323 0.004263802671123485 13
1758578163327 0.004162924365604031 14
1758578163332 0.004059938043312776 15
1758578163335 0.00396835872797969 16
1758578163339 0.0038553282256831322 17
1758578163343 0.0037718176546324036 18
1758578163348 0.0036779336943063095 19
1758578163352 0.003607533497655797 20
1758578163356 0.003537090165540021 21
1758578163360 0.003463609812870597 22
1758578163364 0.0034049070306427258 23
1758578163368 0.003344828054034389 24
1758578163372 0.0032869876766916804 25
1758578163375 0.0032064719817260796 26
1758578163380 0.0031434270760089525 27
1758578163384 0.003083849793818926 28
1758578163388 0.0030276419074748424 29
1758578163391 0.0029755407259333543 30
1758578163396 0.0029090288020749188 31
1758578163400 0.0028526801248451063 32
1758578163404 0.0028111257239905336 33
1758578163408 0.0027635916370017314 34
1758578163412 0.0026848448640696466 35
1758578163416 0.0026497300786761106 36
1758578163420 0.0025861700904800436 37
1758578163424 0.0025202759782297557 38
1758578163428 0.0024744222244263816 39
1758578163432 0.002432508541880185 40
1758578163437 0.002397692463833368 41
1758578163440 0.0023580176882960473 42
1758578163445 0.0023267257422898437 43
1758578163449 0.00229091651913268 44
1758578163453 0.0022515242424914254 45
1758578163457 0.0022180514991510824 46
1758578163461 0.0021579463989329453 47
1758578163465 0.0020827714742308544 48
1758578163469 0.00205741175889982 49
1758578163473 0.002024034462978304 50
1758578163477 0.00199075647193629 51
1758578163482 0.001963832548235439 52
1758578163486 0.0019346473906012578 53
1758578163490 0.0019108981124923363 54
1758578163494 0.001885811490942048 55
1758578163498 0.0018560398777284516 56
1758578163502 0.0018301373085805967 57
1758578163506 0.0018096088892159275 58
1758578163510 0.0017823465388819714 59
1758578163515 0.0017605861853929405 60
1758578163519 0.0017324933618917604 61
1758578163523 0.0017119706298707245 62
1758578163527 0.0016910984172504783 63
1758578163532 0.0016726556324037868 64
1758578163536 0.0016542556730652792 65
1758578163540 0.0016357967723871806 66
1758578163544 0.0016186668643821294 67
1758578163549 0.001597716296988296 68
1758578163553 0.0015820438528338298 69
1758578163557 0.0015664075465763802 70
1758578163561 0.0015452256634316992 71
1758578163565 0.0015256899374895105 72
1758578163569 0.0015052166369944836 73
1758578163573 0.0014801131689394249 74
1758578163577 0.0014638324304329718 75
1758578163582 0.0014489289059185762 76
1758578163586 0.0014350918593061903 77
1758578163590 0.0014169538018829594 78
1758578163594 0.0014038882039778 79
1758578163598 0.0013854626378889728 80
1758578163602 0.0013734617472272244 81
1758578163607 0.0013609138723253813 82
1758578163611 0.001347332694365007 83
1758578163615 0.0013298738380269621 84
1758578163619 0.0013110795178031011 85
1758578163623 0.0012923796457234608 86
1758578163628 0.0012792967731615394 87
1758578163632 0.0012636908432458994 88
1758578163636 0.0012518357028658933 89
1758578163640 0.001237941563724073 90
1758578163644 0.001227522971242949 91
1758578163649 0.0012124673657224882 92
1758578163653 0.0012020762939943409 93
1758578163658 0.0011896927340241466 94
1758578163663 0.0011801189303846146 95
1758578163667 0.001168027284534752 96
1758578163671 0.0011555125929521696 97
1758578163675 0.0011427833928668 98
1758578163680 0.0011350584379989852 99
1758578163684 0.0011189557717692685 100
1758578163688 0.0011120564973837272 101
1758578163693 0.0011037592830163508 102
1758578163697 0.0010936137171300602 103
1758578163701 0.0010844725649988396 104
1758578163706 0.001073454252488061 105
1758578163710 0.0010614360283521286 106
1758578163715 0.0010519581585462213 107
1758578163719 0.0010392059499604136 108
1758578163723 0.0010316269962490048 109
1758578163728 0.0010206099040449541 110
1758578163732 0.001012653626902112 111
1758578163737 0.0010070615398139037 112
1758578163741 0.0009972574207809048 113
1758578163745 0.000987639187551035 114
1758578163750 0.0009786366694295866 115
1758578163754 0.0009724104063259589 116
1758578163759 0.0009644146516735263 117
1758578163763 0.0009568594169688759 118
1758578163767 0.0009496922171362562 119
1758578163771 0.0009394826289746567 120
1758578163776 0.0009341303606675651 121
1758578163780 0.0009227019902094209 122
1758578163784 0.0009138216881559839 123
1758578163789 0.0009071960080700011 124
1758578163793 0.0008988772604752287 125
1758578163797 0.0008883374485292884 126
1758578163802 0.0008808243395359146 127
1758578163806 0.0008738206055183964 128
1758578163810 0.000865106376922069 129
1758578163815 0.0008577641199305954 130
1758578163819 0.0008501839110315167 131
1758578163823 0.0008419105429362371 132
1758578163828 0.0008344238440125419 133
1758578163832 0.0008269483975007604 134
1758578163837 0.0008216058516659354 135
1758578163841 0.0008130640408053306 136
1758578163846 0.0008035085054899084 137
1758578163850 0.0007977189726004601 138
1758578163854 0.0007906514733572658 139
1758578163859 0.0007847678552039704 140
1758578163863 0.0007788565015208652 141
1758578163868 0.0007719282744538599 142
1758578163872 0.0007649467142270335 143
1758578163273 0.0077058956171661384 0
