1758578162319 0.11661184532210152 0
1758578162321 0.13283726316338085 1
1758578162324 0.13596490425926414 2
1758578162328 0.143963502063441 3
1758578162331 0.14443813926855598 4
1758578162334 0.2934466860346501 5
1758578162336 0.2960554012231246 6
1758578162339 0.29646109476010263 7
1758578162341 0.297980698910754 8
1758578162344 0.29996646271943234 9
1758578162348 0.3014045259841068 10
1758578162351 0.34586947336022444 11
1758578162353 0.3608928279366928 12
1758578162357 0.3650077280681776 13
1758578162360 0.3654502060252024 14
1758578162362 0.3699247307724549 15
1758578162365 0.3777483514732 16
1758578162368 0.38547692346229245 17
1758578162370 0.3952277635701324 18
1758578162373 0.3996783609961171 19
1758578162376 0.41805481170365827 20
1758578162379 0.4211984824745333 21
1758578162382 0.42433604997751323 22
1758578162384 0.4389453789885983 23
1758578162387 0.44888138678758893 24
1758578162389 0.43880108585509514 25
1758578162392 0.4614689304382779 26
1758578162395 0.4655162558751662 27
1758578162398 0.4741143065872762 28
1758578162401 0.47855880585901717 29
1758578162404 0.4826438934273418 30
1758578162406 0.49142451413862576 31
1758578162409 0.49544293697352143 32
1758578162412 0.5000881821256755 33
1758578162415 0.5051827816203439 34
1758578162417 0.5098152556544192 35
1758578162420 0.521859185154802 36
1758578162422 0.531469104636086 37
1758578162425 0.5443126416249858 38
1758578162428 0.5533303093726661 39
1758578162431 0.562151801782023 40
1758578162433 0.571129908919983 41
1758578162436 0.5818472718623601 42
1758578162439 0.5886951540500182 43
1758578162442 0.5953154837320211 44
1758578162445 0.6089100275860131 45
1758578162448 0.6206309681155308 46
1758578162451 0.6295869143114963 47
1758578162454 0.6451610737707174 48
1758578162456 0.6532597867138359 49
1758578162460 0.6620190115012234 50
1758578162463 0.6708924675363066 51
1758578162465 0.6784098934731237 52
1758578162468 0.689727521445936 53
1758578162471 0.7058748588033233 54
1758578162474 0.7144368464891347 55
1758578162477 0.7213842822701465 56
1758578162480 0.7311369330186545 57
1758578162483 0.7384607498102667 58
1758578162486 0.7481465662157439 59
1758578162488 0.7573555037885994 60
1758578162491 0.7667602313062671 61
1758578162495 0.7744168419021349 62
1758578162498 0.7799329739212227 63
1758578162501 0.7868377329326939 64
1758578162504 0.7921604279014579 65
1758578162506 0.7988242113883655 66
1758578162510 0.8037591952410924 67
1758578162513 0.8102327669526319 68
1758578162516 0.8169887216385348 69
1758578162519 0.823636393925545 70
1758578162521 0.8319876840375754 71
1758578162524 0.8379521373286131 72
1758578162528 0.8459445745881837 73
1758578162531 0.8538892263731679 74
1758578162533 0.8576296195730003 75
1758578162536 0.8646663776963337 76
1758578162539 0.8711454850424767 77
1758578162542 0.8804713381437274 78
1758578162545 0.8816160387707174 79
1758578162548 0.8905511413365309 80
1758578162551 0.8911174970297463 81
1758578162554 0.8953347553224329 82
1758578162557 0.9018549732871085 83
1758578162560 0.9077820288688054 84
1758578162563 0.9161015330452934 85
1758578162566 0.9203729190581478 86
1758578162569 0.9235170800185823 87
1758578162571 0.9275977361770742 88
1758578162575 0.93082305232122 89
1758578162578 0.9320492971007389 90
1758578162581 0.9363576587950375 91
1758578162584 0.9401957631388421 92
1758578162587 0.9414773755093199 93
1758578162590 0.9438463040865465 94
1758578162593 0.9455298905477639 95
1758578162596 0.9479169382999562 96
1758578162599 0.9519781483325825 97
1758578162602 0.9561643787555099 98
1758578162605 0.9578354539355475 99
1758578162608 0.9601244815044578 100
1758578162612 0.960788794547554 101
1758578162615 0.9624585686772323 102
1758578162618 0.9639090057303323 103
1758578162620 0.9663429105350896 104
1758578162623 0.9658984623014766 105
1758578162627 0.9681511515710229 106
1758578162630 0.968168133809687 107
1758578162633 0.9715811319876884 108
1758578162636 0.9716948030115073 109
1758578162639 0.9740412208433269 110
1758578162642 0.9774411502866759 111
1758578162645 0.9774411502866759 112
1758578162648 0.9783815879519797 113
1758578162652 0.9819312095136588 114
1758578162655 0.9820192549514626 115
1758578162657 0.9823066724519949 116
1758578162661 0.9824877931034848 117
1758578162664 0.9856386367995531 118
1758578162667 0.9856889302028577 119
1758578162670 0.9870151162933156 120
1758578162673 0.9870151162933156 121
1758578162676 0.9888504485328754 122
1758578162680 0.989132916999123 123
1758578162683 0.989132916999123 124
1758578162686 0.9893524077805101 125
1758578162689 0.9903850421956356 126
1758578162692 0.9906536353233563 127
1758578162695 0.9929182944553191 128
1758578162698 0.9942074470933939 129
1758578162702 0.9942074470933939 130
1758578162705 0.9942074470933939 131
1758578162707 0.9943091739286661 132
1758578162711 0.9954916266142302 133
1758578162714 0.9959508688645172 134
1758578162717 0.9959508688645172 135
1758578162721 0.9965525137284572 136
1758578162723 0.9970892038143276 137
1758578162727 0.9973410232094575 138
1758578162730 0.9976286274660005 139
1758578162734 0.9981516576438497 140
1758578162737 0.9983996735168655 141
1758578162740 0.9983996735168655 142
1758578162744 0.9989157656706549 143
1758578162319 0.11661184532210152 0
