1758578306772 0.6480102321285008 0
1758578306776 0.607399795206069 1
1758578306781 0.570162313860257 2
1758578306785 0.536090059618018 3
1758578306789 0.5051735544273427 4
1758578306793 0.489897893576397 5
1758578306798 0.4623244994806918 6
1758578306802 0.437324405263833 7
1758578306806 0.4138360239384533 8
1758578306810 0.39228944985094966 9
1758578306818 0.37243631206719097 10
1758578306821 0.35362508842671014 11
1758578306825 0.33578898816391134 12
1758578306830 0.3272170008673677 13
1758578306835 0.31105785317897156 14
1758578306838 0.2960208821823746 15
1758578306843 0.28894225709799454 16
1758578306847 0.2752597371472322 17
1758578306851 0.2624590838737048 18
1758578306855 0.2503110836946272 19
1758578306859 0.24483059693934703 20
1758578306864 0.23378374603297442 21
1758578306869 0.2234096936476954 22
1758578306872 0.21883031906328362 23
1758578306876 0.20933749087528214 24
1758578306882 0.2003947118363709 25
1758578306886 0.1920031076427676 26
1758578306890 0.1841134795767908 27
1758578306895 0.1806475113513815 28
1758578306900 0.17322801895125137 29
1758578306904 0.16639984691967707 30
1758578306908 0.15997776502852518 31
1758578306912 0.15375899298532208 32
1758578306917 0.14790614953586104 33
1758578306921 0.14249706089318473 34
1758578306925 0.13734904050792865 35
1758578306930 0.1351493230542243 36
1758578306935 0.13028893952942555 37
1758578306938 0.12572332273546866 38
1758578306942 0.12146488215299091 39
1758578306947 0.11741774901755721 40
1758578306951 0.11361062191735913 41
1758578306955 0.10999061313534916 42
1758578306959 0.10658741102662993 43
1758578306964 0.10338302014031008 44
1758578306969 0.1016103290209676 45
1758578306973 0.09858336414719898 46
1758578306978 0.09573680981136792 47
1758578306982 0.0929981040849402 48
1758578306986 0.09044827888106924 49
1758578306990 0.08750978895658254 50
1758578306995 0.08515569460294838 51
1758578307000 0.08260135423323 52
1758578307004 0.08047119617215538 53
1758578307008 0.07828325343588054 54
1758578307013 0.0763654678248853 55
1758578307018 0.07450568781282292 56
1758578307023 0.07234041236049323 57
1758578307027 0.07069002323842302 58
1758578307032 0.06883714303636437 59
1758578307036 0.06703480787217553 60
1758578307040 0.06539170156107488 61
1758578307044 0.06383706009265253 62
1758578307049 0.0625204173982449 63
1758578307053 0.06107570444864983 64
1758578307057 0.059799489312628296 65
1758578307061 0.05839343159879491 66
1758578307066 0.057291526154326214 67
1758578307071 0.05614770204915601 68
1758578307075 0.055054809278847545 69
1758578307079 0.054053424111716916 70
1758578307084 0.05294853345014791 71
1758578307088 0.05188584066708284 72
1758578307092 0.05089699577235125 73
1758578307097 0.05005768995951001 74
1758578307102 0.049119652105002125 75
1758578307106 0.04817240198712165 76
1758578307110 0.0473028588378168 77
1758578307115 0.04644932109093142 78
1758578307120 0.04565139690562756 79
1758578307124 0.04487278163736415 80
1758578307128 0.044152772370734845 81
1758578307133 0.04347125675278161 82
1758578307138 0.042771076940221094 83
1758578307142 0.042103907940852975 84
1758578307147 0.04148238433621729 85
1758578307152 0.04085670426156289 86
1758578307156 0.04031464409740698 87
1758578307160 0.03990104572144971 88
1758578307166 0.039302802185447794 89
1758578307170 0.03872927217902268 90
1758578307175 0.03821196610311499 91
1758578307179 0.03774867003209212 92
1758578307184 0.03720695057118566 93
1758578307189 0.03674095639541145 94
1758578307193 0.0361620817969557 95
1758578307199 0.035692254996333925 96
1758578307203 0.035262907136974546 97
1758578307208 0.03488604812048738 98
1758578307212 0.034391911882979034 99
1758578307217 0.03392437261739054 100
1758578307222 0.0335512179998395 101
1758578307226 0.033189317283493266 102
1758578307231 0.032831324695314364 103
1758578307236 0.0324925505554679 104
1758578307241 0.03210350273128697 105
1758578307245 0.03174419812158835 106
1758578307251 0.031395023520958305 107
1758578307255 0.031064457135460577 108
1758578307259 0.030783838057562813 109
1758578307264 0.03048513002842942 110
1758578307270 0.030180953945241385 111
1758578307274 0.029793337466964435 112
1758578307278 0.029489355966725174 113
1758578307283 0.029212897238305488 114
1758578307288 0.028923563382901526 115
1758578307292 0.028595807250706533 116
1758578307296 0.02833367887917954 117
1758578307302 0.028071094380313685 118
1758578307306 0.027802487659304945 119
1758578307311 0.027570585649060588 120
1758578307318 0.027266677039624546 121
1758578307322 0.02700307102047731 122
1758578307326 0.026788856789254686 123
1758578307332 0.026553772623359215 124
1758578307336 0.026347075370543694 125
1758578307340 0.0261236106143283 126
1758578307344 0.025864146634019494 127
1758578307349 0.025653298722903856 128
1758578307354 0.025455213466173153 129
1758578307358 0.02527587422434848 130
1758578307362 0.025034839709885015 131
1758578307368 0.02483704142357422 132
1758578307372 0.024591176626510836 133
1758578306772 0.6480102321285008 0
