1758578151502 0.011798516302825891 0
1758578151505 0.0041496333859767556 1
1758578151508 0.003690823256496206 2
1758578151512 0.0034040112325773005 3
1758578151516 0.0031872580427960945 4
1758578151519 0.003026720552123086 5
1758578151523 0.002879717915811207 6
1758578151526 0.0027373370763519593 7
1758578151531 0.002625922272815657 8
1758578151534 0.0025119708943580534 9
1758578151538 0.002409033252323116 10
1758578151541 0.002304822000039446 11
1758578151545 0.0022376296699584144 12
1758578151549 0.002158689251660671 13
1758578151553 0.0020770920037379123 14
1758578151557 0.0019953409596611222 15
1758578151560 0.0019042065603422724 16
1758578151565 0.0018332630109263786 17
1758578151568 0.0017705159134632899 18
1758578151572 0.0017236071130293977 19
1758578151575 0.0016666873783703529 20
1758578151580 0.0016186956915357738 21
1758578151583 0.0015693777902183285 22
1758578151587 0.0015232669504926268 23
1758578151590 0.0014763857669020486 24
1758578151594 0.0014315801875486322 25
1758578151598 0.001393613109849875 26
1758578151602 0.0013571077306135885 27
1758578151605 0.0013142227464141578 28
1758578151609 0.00127845621932724 29
1758578151613 0.00123699387232235 30
1758578151617 0.0011987115572186188 31
1758578151621 0.0011630942623828593 32
1758578151625 0.0011039533794798943 33
1758578151629 0.001074282860950012 34
1758578151633 0.0010435192248798174 35
1758578151636 0.0009867368175653028 36
1758578151640 0.0009547940223699223 37
1758578151644 0.0009249027788523858 38
1758578151648 0.0008999626948320058 39
1758578151652 0.0008734862982237486 40
1758578151655 0.0008530102232869477 41
1758578151659 0.0008306034646920262 42
1758578151663 0.000808721493123554 43
1758578151667 0.0007901775318903437 44
1758578151671 0.0007657700174134668 45
1758578151675 0.0007425218283372639 46
1758578151679 0.000721126484657342 47
1758578151683 0.0007060420359994771 48
1758578151686 0.0006907430006188421 49
1758578151690 0.0006741886057019833 50
1758578151694 0.0006540000980795618 51
1758578151698 0.0006384315599447358 52
1758578151702 0.0006241470532989386 53
1758578151706 0.0006095481682374189 54
1758578151709 0.0005931553808536061 55
1758578151714 0.0005792250805644394 56
1758578151718 0.0005671907777945336 57
1758578151721 0.0005514989870786783 58
1758578151725 0.0005404081538441223 59
1758578151729 0.000529147239449954 60
1758578151733 0.0005172773610551104 61
1758578151737 0.0005068687620242156 62
1758578151741 0.0004962268567654645 63
1758578151745 0.0004864896993733823 64
1758578151749 0.00047661200375789445 65
1758578151752 0.00046389598744925754 66
1758578151756 0.000453920350336489 67
1758578151759 0.0004426826341888873 68
1758578151764 0.00043347006791929636 69
1758578151768 0.00042510027128702077 70
1758578151771 0.00041577049998681924 71
1758578151775 0.00040555181260610446 72
1758578151779 0.000394866724680994 73
1758578151784 0.0003874175048694488 74
1758578151787 0.0003803087541558554 75
1758578151791 0.0003706848016889074 76
1758578151795 0.0003638663862798581 77
1758578151799 0.0003555619941686145 78
1758578151803 0.00034874286208048017 79
1758578151806 0.0003410712428062529 80
1758578151810 0.00033498400354355876 81
1758578151815 0.0003267895954654825 82
1758578151819 0.0003206848058584857 83
1758578151822 0.0003138328965610449 84
1758578151826 0.00030748502801511234 85
1758578151831 0.00030155789274786054 86
1758578151835 0.0002960369941844767 87
1758578151839 0.00029025822503728026 88
1758578151842 0.00028434588705958803 89
1758578151847 0.0002793253438189893 90
1758578151851 0.00027501572454969453 91
1758578151854 0.0002694923885542228 92
1758578151858 0.0002643373066296063 93
1758578151862 0.00025975644462114826 94
1758578151866 0.00025449076764068773 95
1758578151870 0.00025016941033252405 96
1758578151874 0.00024539774959205787 97
1758578151878 0.00024063345828663387 98
1758578151882 0.0002350175423804269 99
1758578151886 0.00023093373713517902 100
1758578151890 0.0002258737075606252 101
1758578151894 0.0002215856251253028 102
1758578151898 0.00021796796938052432 103
1758578151902 0.00021356594021872572 104
1758578151906 0.00021030507156438773 105
1758578151909 0.00020707366750350614 106
1758578151914 0.0002040309832732272 107
1758578151918 0.00020112899273570616 108
1758578151922 0.00019755593631597953 109
1758578151926 0.0001929004750194257 110
1758578151502 0.011798516302825891 0
