1758578150799 0.1601971818328965 0
1758578150802 0.3241084147295782 1
1758578150805 0.5153000206518865 2
1758578150808 0.585144320069474 3
1758578150810 0.6143988619982879 4
1758578150813 0.6819788655099842 5
1758578150815 0.70023944151838 6
1758578150818 0.7241145719150138 7
1758578150821 0.7346129760112428 8
1758578150824 0.7504841659872667 9
1758578150826 0.7613441083584599 10
1758578150829 0.7742489624200737 11
1758578150831 0.7859366529184634 12
1758578150834 0.8066657603408676 13
1758578150837 0.8277780129701615 14
1758578150840 0.8415614297743873 15
1758578150842 0.8542972401094435 16
1758578150845 0.8631487434438079 17
1758578150847 0.8737010537768786 18
1758578150850 0.8783927218049767 19
1758578150853 0.8868285100376445 20
1758578150855 0.8927635141820831 21
1758578150858 0.8969547452770329 22
1758578150861 0.901449579848892 23
1758578150863 0.9072023173033396 24
1758578150866 0.918264613300463 25
1758578150869 0.9210543367115579 26
1758578150872 0.9244567122176716 27
1758578150875 0.9286148734815314 28
1758578150878 0.931805122605498 29
1758578150880 0.9381967405129401 30
1758578150883 0.9393322959298142 31
1758578150886 0.9425202186730331 32
1758578150888 0.9490937219469967 33
1758578150891 0.9509135502175401 34
1758578150894 0.9551967039190771 35
1758578150897 0.9645738933614301 36
1758578150899 0.9688432600865419 37
1758578150902 0.9729031511256936 38
1758578150905 0.9749911169943302 39
1758578150908 0.9783903892704815 40
1758578150911 0.9797334885049466 41
1758578150913 0.9798319630596606 42
1758578150916 0.979985184559564 43
1758578150919 0.9793546675356043 44
1758578150922 0.9818705859456438 45
1758578150924 0.9839157065547632 46
1758578150927 0.9873141726560426 47
1758578150930 0.9879703674026319 48
1758578150933 0.9879703674026319 49
1758578150935 0.989554861447422 50
1758578150939 0.9902929986922279 51
1758578150942 0.9907773333466444 52
1758578150944 0.9916075140948579 53
1758578150947 0.9927714553053263 54
1758578150950 0.9932875474591156 55
1758578150953 0.9932875474591156 56
1758578150956 0.9932875474591156 57
1758578150959 0.9940591103732634 58
1758578150963 0.9955011631786562 59
1758578150966 0.9965051221392898 60
1758578150969 0.9968265621907202 61
1758578150972 0.9968265621907202 62
1758578150975 0.9965051221392898 63
1758578150978 0.9965051221392898 64
1758578150981 0.9971418207027 65
1758578150983 0.9971418207027 66
1758578150986 0.9971418207027 67
1758578150989 0.9977547132116643 68
1758578150992 0.9983455158516472 69
1758578150995 0.9986331201081903 70
1758578150998 0.9986331201081903 71
1758578151001 0.9986331201081903 72
1758578151004 0.9986331201081903 73
1758578151007 0.9986331201081903 74
1758578151010 0.9994668446740818 75
1758578151013 0.9997355896351137 76
1758578151016 0.9997355896351137 77
1758578151018 0.9994668446740818 78
1758578151021 0.9997355896351137 79
1758578151024 0.9997355896351137 80
1758578151028 0.9997355896351137 81
1758578151031 1.0 82
1758578151034 1.0 83
1758578151036 0.9997355896351137 84
1758578151039 0.9997355896351137 85
1758578151043 1.0 86
1758578151046 1.0 87
1758578151049 1.0 88
1758578151051 1.0 89
1758578151054 1.0 90
1758578151057 1.0 91
1758578151061 1.0 92
1758578151064 1.0 93
1758578151067 1.0 94
1758578151069 1.0 95
1758578151073 1.0 96
1758578151076 1.0 97
1758578151079 1.0 98
1758578151082 1.0 99
1758578151085 1.0 100
1758578151088 1.0 101
1758578151091 1.0 102
1758578151094 1.0 103
1758578151097 1.0 104
1758578151100 1.0 105
1758578151102 1.0 106
1758578151106 1.0 107
1758578151109 1.0 108
1758578151112 1.0 109
1758578151115 1.0 110
1758578150799 0.1601971818328965 0
