1758578131465 0.1601971818328965 0
1758578131468 0.3241084147295782 1
1758578131471 0.5153000206518865 2
1758578131474 0.585144320069474 3
1758578131477 0.6143988619982879 4
1758578131480 0.6819788655099842 5
1758578131483 0.70023944151838 6
1758578131485 0.7241145719150138 7
1758578131488 0.7346129760112428 8
1758578131491 0.7504841659872667 9
1758578131494 0.7613441083584599 10
1758578131497 0.7742489624200737 11
1758578131499 0.7859366529184634 12
1758578131502 0.8066657603408676 13
1758578131504 0.8277780129701615 14
1758578131507 0.8415614297743873 15
1758578131510 0.8542972401094435 16
1758578131513 0.8631487434438079 17
1758578131516 0.8737010537768786 18
1758578131519 0.8783927218049767 19
1758578131521 0.8868285100376445 20
1758578131524 0.8927635141820831 21
1758578131527 0.8969547452770329 22
1758578131530 0.901449579848892 23
1758578131533 0.9072023173033396 24
1758578131535 0.918264613300463 25
1758578131538 0.9210543367115579 26
1758578131541 0.9244567122176716 27
1758578131544 0.9286148734815314 28
1758578131547 0.931805122605498 29
1758578131550 0.9381967405129401 30
1758578131552 0.9393322959298142 31
1758578131555 0.9425202186730331 32
1758578131558 0.9490937219469967 33
1758578131561 0.9509135502175401 34
1758578131564 0.9551967039190771 35
1758578131566 0.9645738933614301 36
1758578131569 0.9688432600865419 37
1758578131572 0.9729031511256936 38
1758578131575 0.9749911169943302 39
1758578131577 0.9783903892704815 40
1758578131581 0.9797334885049466 41
1758578131583 0.9798319630596606 42
1758578131586 0.979985184559564 43
1758578131588 0.9793546675356043 44
1758578131592 0.9818705859456438 45
1758578131594 0.9839157065547632 46
1758578131597 0.9873141726560426 47
1758578131600 0.9879703674026319 48
1758578131602 0.9879703674026319 49
1758578131605 0.989554861447422 50
1758578131608 0.9902929986922279 51
1758578131611 0.9907773333466444 52
1758578131614 0.9916075140948579 53
1758578131617 0.9927714553053263 54
1758578131620 0.9932875474591156 55
1758578131623 0.9932875474591156 56
1758578131626 0.9932875474591156 57
1758578131629 0.9940591103732634 58
1758578131632 0.9955011631786562 59
1758578131634 0.9965051221392898 60
1758578131637 0.9968265621907202 61
1758578131640 0.9968265621907202 62
1758578131643 0.9965051221392898 63
1758578131646 0.9965051221392898 64
1758578131649 0.9971418207027 65
1758578131652 0.9971418207027 66
1758578131655 0.9971418207027 67
1758578131658 0.9977547132116643 68
1758578131661 0.9983455158516472 69
1758578131664 0.9986331201081903 70
1758578131667 0.9986331201081903 71
1758578131669 0.9986331201081903 72
1758578131672 0.9986331201081903 73
1758578131675 0.9986331201081903 74
1758578131678 0.9994668446740818 75
1758578131681 0.9997355896351137 76
1758578131684 0.9997355896351137 77
1758578131687 0.9994668446740818 78
1758578131690 0.9997355896351137 79
1758578131693 0.9997355896351137 80
1758578131696 0.9997355896351137 81
1758578131699 1.0 82
1758578131702 1.0 83
1758578131704 0.9997355896351137 84
1758578131707 0.9997355896351137 85
1758578131711 1.0 86
1758578131714 1.0 87
1758578131717 1.0 88
1758578131720 1.0 89
1758578131723 1.0 90
1758578131726 1.0 91
1758578131730 1.0 92
1758578131733 1.0 93
1758578131736 1.0 94
1758578131739 1.0 95
1758578131742 1.0 96
1758578131746 1.0 97
1758578131749 1.0 98
1758578131752 1.0 99
1758578131755 1.0 100
1758578131758 1.0 101
1758578131761 1.0 102
1758578131765 1.0 103
1758578131768 1.0 104
1758578131770 1.0 105
1758578131773 1.0 106
1758578131777 1.0 107
1758578131780 1.0 108
1758578131783 1.0 109
1758578131786 1.0 110
1758578131789 1.0 111
1758578131792 1.0 112
1758578131795 1.0 113
1758578131798 1.0 114
1758578131801 1.0 115
1758578131804 1.0 116
1758578131807 1.0 117
1758578131810 1.0 118
1758578131814 1.0 119
1758578131817 1.0 120
1758578131820 1.0 121
1758578131823 1.0 122
1758578131826 1.0 123
1758578131829 1.0 124
1758578131832 1.0 125
1758578131835 1.0 126
1758578131838 1.0 127
1758578131842 1.0 128
1758578131845 1.0 129
1758578131848 1.0 130
1758578131851 1.0 131
1758578131854 1.0 132
1758578131465 0.1601971818328965 0
