1758578132321 0.011798516302825891 0
1758578132324 0.0041496333859767556 1
1758578132329 0.0036908232564962064 2
1758578132333 0.0034040112325773005 3
1758578132336 0.003187258042796094 4
1758578132340 0.003026720552123086 5
1758578132344 0.002879717915811207 6
1758578132348 0.0027373370763519593 7
1758578132352 0.002625922272815657 8
1758578132355 0.0025119708943580534 9
1758578132359 0.002409033252323116 10
1758578132363 0.0023048220000394465 11
1758578132367 0.002237629669958414 12
1758578132371 0.002158689251660671 13
1758578132374 0.0020770920037379123 14
1758578132379 0.0019953409596611222 15
1758578132382 0.0019042065603422724 16
1758578132386 0.0018332630109263788 17
1758578132390 0.00177051591346329 18
1758578132394 0.0017236071130293975 19
1758578132398 0.0016666873783703529 20
1758578132401 0.0016186956915357736 21
1758578132405 0.0015693777902183285 22
1758578132409 0.0015232669504926268 23
1758578132413 0.0014763857669020486 24
1758578132418 0.0014315801875486322 25
1758578132422 0.001393613109849875 26
1758578132426 0.0013571077306135885 27
1758578132430 0.0013142227464141578 28
1758578132434 0.0012784562193272403 29
1758578132437 0.00123699387232235 30
1758578132441 0.0011987115572186188 31
1758578132446 0.0011630942623828593 32
1758578132450 0.0011039533794798943 33
1758578132454 0.001074282860950012 34
1758578132457 0.0010435192248798172 35
1758578132462 0.0009867368175653028 36
1758578132465 0.0009547940223699223 37
1758578132469 0.0009249027788523859 38
1758578132473 0.0008999626948320058 39
1758578132477 0.0008734862982237486 40
1758578132481 0.0008530102232869477 41
1758578132485 0.0008306034646920262 42
1758578132489 0.000808721493123554 43
1758578132493 0.0007901775318903436 44
1758578132497 0.0007657700174134668 45
1758578132501 0.0007425218283372639 46
1758578132505 0.000721126484657342 47
1758578132509 0.000706042035999477 48
1758578132513 0.0006907430006188421 49
1758578132517 0.0006741886057019833 50
1758578132521 0.0006540000980795618 51
1758578132525 0.0006384315599447358 52
1758578132529 0.0006241470532989385 53
1758578132533 0.0006095481682374189 54
1758578132537 0.000593155380853606 55
1758578132540 0.0005792250805644394 56
1758578132545 0.0005671907777945336 57
1758578132549 0.0005514989870786783 58
1758578132553 0.0005404081538441223 59
1758578132557 0.000529147239449954 60
1758578132561 0.0005172773610551104 61
1758578132565 0.0005068687620242156 62
1758578132569 0.0004962268567654645 63
1758578132572 0.0004864896993733823 64
1758578132577 0.00047661200375789445 65
1758578132581 0.00046389598744925754 66
1758578132585 0.000453920350336489 67
1758578132589 0.0004426826341888873 68
1758578132593 0.00043347006791929636 69
1758578132597 0.00042510027128702077 70
1758578132601 0.00041577049998681924 71
1758578132604 0.00040555181260610446 72
1758578132608 0.000394866724680994 73
1758578132613 0.0003874175048694488 74
1758578132617 0.0003803087541558554 75
1758578132621 0.00037068480168890735 76
1758578132624 0.00036386638627985816 77
1758578132629 0.0003555619941686145 78
1758578132633 0.00034874286208048017 79
1758578132637 0.0003410712428062529 80
1758578132641 0.0003349840035435587 81
1758578132646 0.0003267895954654825 82
1758578132650 0.00032068480585848564 83
1758578132653 0.0003138328965610449 84
1758578132657 0.0003074850280151123 85
1758578132662 0.00030155789274786054 86
1758578132666 0.0002960369941844767 87
1758578132670 0.00029025822503728026 88
1758578132674 0.0002843458870595881 89
1758578132678 0.0002793253438189893 90
1758578132682 0.0002750157245496946 91
1758578132686 0.0002694923885542228 92
1758578132690 0.0002643373066296063 93
1758578132695 0.00025975644462114826 94
1758578132699 0.00025449076764068773 95
1758578132703 0.00025016941033252405 96
1758578132707 0.00024539774959205787 97
1758578132711 0.00024063345828663385 98
1758578132716 0.0002350175423804269 99
1758578132720 0.000230933737135179 100
1758578132724 0.0002258737075606252 101
1758578132729 0.0002215856251253028 102
1758578132733 0.00021796796938052432 103
1758578132737 0.00021356594021872572 104
1758578132741 0.00021030507156438773 105
1758578132745 0.00020707366750350614 106
1758578132750 0.0002040309832732272 107
1758578132754 0.00020112899273570616 108
1758578132758 0.00019755593631597953 109
1758578132762 0.00019290047501942573 110
1758578132767 0.0001898040568995585 111
1758578132771 0.00018680260457505125 112
1758578132775 0.0001840535049490471 113
1758578132779 0.00018088038273832068 114
1758578132783 0.00017777058063788844 115
1758578132787 0.00017450623687483743 116
1758578132791 0.00017167972050294184 117
1758578132796 0.00016830378252548082 118
1758578132801 0.00016536011527689057 119
1758578132805 0.00016205231335402243 120
1758578132809 0.00015951445172079679 121
1758578132813 0.00015726353323098578 122
1758578132817 0.0001541996228714753 123
1758578132821 0.00015201673742711253 124
1758578132825 0.00014901619082287977 125
1758578132830 0.0001463008878657866 126
1758578132834 0.00014385004810408265 127
1758578132838 0.00014117418990314352 128
1758578132843 0.00013869359667602284 129
1758578132847 0.00013617135148402101 130
1758578132852 0.00013360107749560128 131
1758578132856 0.00013155615182961145 132
1758578132321 0.011798516302825891 0
