1758578248386 0.6480102321285008 0
1758578248390 0.607399795206069 1
1758578248394 0.570162313860257 2
1758578248399 0.536090059618018 3
1758578248403 0.5051735544273427 4
1758578248408 0.489897893576397 5
1758578248412 0.4623244994806918 6
1758578248417 0.437324405263833 7
1758578248420 0.4138360239384533 8
1758578248424 0.39228944985094966 9
1758578248428 0.372436312067191 10
1758578248433 0.35362508842671014 11
1758578248437 0.3357889881639113 12
1758578248440 0.3272170008673677 13
1758578248444 0.31105785317897156 14
1758578248449 0.29602088218237455 15
1758578248452 0.28894225709799454 16
1758578248456 0.2752597371472322 17
1758578248461 0.26245908387370476 18
1758578248465 0.2503110836946272 19
1758578248470 0.24483059693934703 20
1758578248473 0.23378374603297442 21
1758578248478 0.22340969364769542 22
1758578248483 0.2188303190632836 23
1758578248487 0.2093374908752821 24
1758578248491 0.2003947118363709 25
1758578248495 0.1920031076427676 26
1758578248501 0.1841134795767908 27
1758578248505 0.18064751135138146 28
1758578248508 0.1732280189512514 29
1758578248513 0.16639984691967707 30
1758578248517 0.15997776502852518 31
1758578248521 0.1537589929853221 32
1758578248526 0.14790614953586104 33
1758578248531 0.14249706089318473 34
1758578248535 0.13734904050792865 35
1758578248539 0.1351493230542243 36
1758578248543 0.13028893952942555 37
1758578248547 0.12572332273546866 38
1758578248552 0.1214648821529909 39
1758578248556 0.11741774901755721 40
1758578248560 0.11361062191735913 41
1758578248564 0.10999061313534916 42
1758578248569 0.10658741102662993 43
1758578248573 0.10338302014031008 44
1758578248577 0.1016103290209676 45
1758578248581 0.09858336414719898 46
1758578248585 0.09573680981136792 47
1758578248589 0.0929981040849402 48
1758578248594 0.09044827888106925 49
1758578248599 0.08750978895658254 50
1758578248603 0.08515569460294838 51
1758578248607 0.08260135423323 52
1758578248612 0.08047119617215538 53
1758578248616 0.07828325343588054 54
1758578248620 0.0763654678248853 55
1758578248623 0.07450568781282292 56
1758578248628 0.07234041236049324 57
1758578248632 0.07069002323842302 58
1758578248636 0.06883714303636437 59
1758578248640 0.06703480787217551 60
1758578248645 0.06539170156107488 61
1758578248649 0.06383706009265253 62
1758578248654 0.0625204173982449 63
1758578248658 0.06107570444864983 64
1758578248662 0.0597994893126283 65
1758578248667 0.05839343159879492 66
1758578248672 0.05729152615432622 67
1758578248676 0.05614770204915601 68
1758578248681 0.055054809278847545 69
1758578248686 0.05405342411171691 70
1758578248689 0.052948533450147904 71
1758578248694 0.05188584066708284 72
1758578248698 0.05089699577235125 73
1758578248703 0.05005768995951 74
1758578248707 0.04911965210500212 75
1758578248712 0.04817240198712165 76
1758578248716 0.0473028588378168 77
1758578248720 0.046449321090931424 78
1758578248724 0.04565139690562756 79
1758578248728 0.04487278163736414 80
1758578248732 0.044152772370734845 81
1758578248736 0.04347125675278161 82
1758578248741 0.0427710769402211 83
1758578248745 0.042103907940852975 84
1758578248749 0.04148238433621728 85
1758578248754 0.0408567042615629 86
1758578248758 0.04031464409740698 87
1758578248763 0.03990104572144971 88
1758578248770 0.039302802185447794 89
1758578248774 0.03872927217902269 90
1758578248779 0.03821196610311499 91
1758578248784 0.03774867003209212 92
1758578248788 0.03720695057118566 93
1758578248793 0.03674095639541145 94
1758578248797 0.0361620817969557 95
1758578248801 0.03569225499633393 96
1758578248805 0.035262907136974546 97
1758578248810 0.03488604812048738 98
1758578248815 0.034391911882979034 99
1758578248819 0.03392437261739054 100
1758578248823 0.0335512179998395 101
1758578248829 0.033189317283493266 102
1758578248833 0.032831324695314364 103
1758578248838 0.0324925505554679 104
1758578248842 0.03210350273128697 105
1758578248847 0.03174419812158835 106
1758578248852 0.031395023520958305 107
1758578248856 0.031064457135460577 108
1758578248860 0.030783838057562813 109
1758578248864 0.03048513002842942 110
1758578248869 0.030180953945241385 111
1758578248873 0.029793337466964435 112
1758578248878 0.029489355966725174 113
1758578248883 0.029212897238305485 114
1758578248888 0.028923563382901526 115
1758578248892 0.028595807250706533 116
1758578248386 0.6480102321285008 0
