1758578247550 0.9731891504908222 0
1758578247553 0.9736438964586119 1
1758578247555 0.9736525846922124 2
1758578247558 0.9835331382201562 3
1758578247564 0.9834948511075655 4
1758578247567 0.9936144335841118 5
1758578247569 0.9942851989301555 6
1758578247572 0.9942908672264394 7
1758578247575 0.9942859274128251 8
1758578247578 0.994351358350418 9
1758578247580 0.9943515639546112 10
1758578247583 0.994323430688721 11
1758578247586 0.9944187775074325 12
1758578247589 0.994684100908917 13
1758578247592 0.9947443239329181 14
1758578247595 0.99467419525824 15
1758578247598 0.9949349610389365 16
1758578247601 0.9949808922324426 17
1758578247605 0.9950041071423517 18
1758578247609 0.9949495989334961 19
1758578247611 0.9950709124272056 20
1758578247615 0.9950788589301031 21
1758578247618 0.9950424988087093 22
1758578247622 0.9952223390412234 23
1758578247624 0.9952317121612868 24
1758578247628 0.995379347538327 25
1758578247631 0.9954180834315046 26
1758578247634 0.9953951777938954 27
1758578247637 0.9955474538239241 28
1758578247640 0.995583040199715 29
1758578247644 0.995573849095702 30
1758578247647 0.9956104157862321 31
1758578247651 0.9956489391400326 32
1758578247654 0.9957176004324566 33
1758578247657 0.9956228264579715 34
1758578247661 0.9956566254405264 35
1758578247664 0.9958573120451556 36
1758578247668 0.995886520590406 37
1758578247671 0.9959830384977673 38
1758578247674 0.9960158960518993 39
1758578247677 0.9961370185204252 40
1758578247680 0.9960768604560494 41
1758578247684 0.9961254638129311 42
1758578247687 0.9961155281396051 43
1758578247690 0.9961157189792272 44
1758578247693 0.9968418127016191 45
1758578247696 0.9968733714202479 46
1758578247700 0.9968474960210376 47
1758578247704 0.9969353623060252 48
1758578247707 0.9970019775210431 49
1758578247710 0.9974714740196441 50
1758578247713 0.9974435025012476 51
1758578247716 0.99744462576353 52
1758578247719 0.9975128100759952 53
1758578247722 0.9975901182401564 54
1758578247724 0.9975647980077909 55
1758578247728 0.9975880768615478 56
1758578247732 0.9977223966247574 57
1758578247736 0.9977152183245882 58
1758578247739 0.9978787980956505 59
1758578247742 0.9978626567552416 60
1758578247746 0.9980470963023393 61
1758578247749 0.9982169613262836 62
1758578247752 0.9981834960155224 63
1758578247755 0.9982417340908593 64
1758578247757 0.998276051829234 65
1758578247761 0.9983538071819553 66
1758578247765 0.9984285770184846 67
1758578247768 0.9984692046200775 68
1758578247771 0.9984714150311681 69
1758578247775 0.9984819916107486 70
1758578247778 0.9985087274527432 71
1758578247781 0.9985680010525193 72
1758578247785 0.9986071034776509 73
1758578247788 0.9986003897316466 74
1758578247792 0.9986477645130959 75
1758578247796 0.9987023855146103 76
1758578247799 0.9987184190710172 77
1758578247802 0.9987516071973109 78
1758578247805 0.9987728377769453 79
1758578247809 0.9987929170385311 80
1758578247812 0.9988007607023567 81
1758578247816 0.9988348983709596 82
1758578247818 0.998828948671579 83
1758578247821 0.9988411315746042 84
1758578247824 0.9988652580532629 85
1758578247828 0.9988706586380051 86
1758578247832 0.9988794748128412 87
1758578247835 0.9989104168419531 88
1758578247838 0.9989099350028503 89
1758578247841 0.9989316237293403 90
1758578247845 0.9989419687424925 91
1758578247848 0.9989463484893336 92
1758578247851 0.9989679002966871 93
1758578247854 0.9989961062925933 94
1758578247857 0.9990043914831481 95
1758578247861 0.9990085557651073 96
1758578247864 0.9990297366861043 97
1758578247867 0.9990368270532046 98
1758578247870 0.9990645142212374 99
1758578247873 0.9990775067571062 100
1758578247877 0.999087116621081 101
1758578247881 0.9990926874537659 102
1758578247884 0.999115320268588 103
1758578247888 0.9991293236717476 104
1758578247892 0.9991384975792914 105
1758578247895 0.9991604027811459 106
1758578247900 0.999168610354124 107
1758578247903 0.999181553473042 108
1758578247905 0.9991835533288693 109
1758578247908 0.9991834919434489 110
1758578247913 0.9992143944783519 111
1758578247916 0.99922775783319 112
1758578247920 0.9992387842443835 113
1758578247923 0.9992505281913867 114
1758578247928 0.9992648418161193 115
1758578247932 0.999271329011001 116
1758578247550 0.9731891504908222 0
