1758578319301 0.945757791426677 0
1758578319304 0.9966295392937714 1
1758578319306 0.9972545670595842 2
1758578319309 0.9972783977580314 3
1758578319312 0.9972820619737007 4
1758578319315 0.9974719318710125 5
1758578319318 0.9976161464089435 6
1758578319321 0.9976186863451415 7
1758578319324 0.997639336193998 8
1758578319327 0.9978058541789725 9
1758578319330 0.9978157434217033 10
1758578319333 0.9979343370622458 11
1758578319336 0.9979360349834133 12
1758578319339 0.9979720750098641 13
1758578319341 0.997985816248728 14
1758578319345 0.9979948641739855 15
1758578319348 0.998001502972447 16
1758578319351 0.9980082163632664 17
1758578319354 0.9980124320204099 18
1758578319356 0.9980147694335022 19
1758578319359 0.99801642350272 20
1758578319363 0.998018311525281 21
1758578319366 0.9982508237924029 22
1758578319369 0.9982507229370988 23
1758578319372 0.9987697138757059 24
1758578319374 0.9990004161983644 25
1758578319377 0.999198616691383 26
1758578319381 0.999221411466843 27
1758578319385 0.9993018222388192 28
1758578319388 0.9993065065725647 29
1758578319390 0.9993142444421613 30
1758578319394 0.9993154236928575 31
1758578319397 0.9993162619321685 32
1758578319401 0.9993498503475406 33
1758578319404 0.9993495844571378 34
1758578319407 0.9993579258348563 35
1758578319410 0.9993529706314114 36
1758578319414 0.9993512228264391 37
1758578319417 0.9993560315649526 38
1758578319420 0.9993558557781367 39
1758578319422 0.9993556596518378 40
1758578319426 0.9993554501202675 41
1758578319430 0.999354258219319 42
1758578319433 0.9993575986954287 43
1758578319436 0.9993858687080517 44
1758578319439 0.9993877428530061 45
1758578319442 0.9993895611898546 46
1758578319445 0.9993831655773188 47
1758578319449 0.9993795022607566 48
1758578319451 0.999378737158837 49
1758578319454 0.9993768221568787 50
1758578319457 0.9993752335515964 51
1758578319460 0.9993754036633059 52
1758578319464 0.999373859440351 53
1758578319467 0.9993820379035815 54
1758578319470 0.9993821165602765 55
1758578319473 0.9994050740828867 56
1758578319476 0.9994045645125266 57
1758578319480 0.9994036750422951 58
1758578319483 0.9994110637038801 59
1758578319486 0.9994829962475008 60
1758578319489 0.9994810603619886 61
1758578319492 0.9994826318242528 62
1758578319496 0.9994993860168463 63
1758578319499 0.9995129895537788 64
1758578319502 0.9995252819976768 65
1758578319505 0.9995523119723738 66
1758578319508 0.9995541955989834 67
1758578319511 0.9995574122712246 68
1758578319515 0.9995793650288975 69
1758578319519 0.9995999279481239 70
1758578319522 0.9996019480126541 71
1758578319525 0.9996238298014066 72
1758578319529 0.9996240412511793 73
1758578319533 0.9996242269818643 74
1758578319535 0.999625549054389 75
1758578319538 0.9996238189214814 76
1758578319541 0.9996243783066127 77
1758578319544 0.9996266217673822 78
1758578319548 0.9996352728542317 79
1758578319551 0.9996912318161654 80
1758578319555 0.9997229804257763 81
1758578319557 0.9997216317693405 82
1758578319561 0.9997441928872873 83
1758578319565 0.9998037308319605 84
1758578319568 0.9998058222649079 85
1758578319571 0.9998099742576891 86
1758578319574 0.9998119053162889 87
1758578319578 0.9998153403007045 88
1758578319581 0.9998154412459093 89
1758578319585 0.9998163907773298 90
1758578319588 0.9998166121109371 91
1758578319591 0.9998188048174232 92
1758578319595 0.9998356167147214 93
1758578319598 0.9998385867520108 94
1758578319602 0.9998421991760059 95
1758578319605 0.9998694592344416 96
1758578319608 0.9998699107050858 97
1758578319613 0.9998888574768182 98
1758578319617 0.9998917160328382 99
1758578319620 0.9999013296013138 100
1758578319623 0.9999034574864899 101
1758578319626 0.9999004826199522 102
1758578319630 0.9998954684647856 103
1758578319634 0.99989586536824 104
1758578319637 0.9998994106841639 105
1758578319640 0.9998998997278186 106
1758578319644 0.9999015591736132 107
1758578319648 0.99990247710868 108
1758578319652 0.9999034241838173 109
1758578319655 0.9999023631538378 110
1758578319659 0.99990317135605 111
1758578319663 0.9999037469441583 112
1758578319667 0.9999079381562659 113
1758578319671 0.9999085751078138 114
1758578319674 0.9999044915943508 115
1758578319680 0.9999038977853072 116
1758578319685 0.9999047786938468 117
1758578319688 0.9999316944933535 118
1758578319691 0.9999320810229945 119
1758578319696 0.9999369601863719 120
1758578319700 0.9999371764649706 121
1758578319703 0.9999427778902512 122
1758578319707 0.9999517061510026 123
1758578319710 0.9999519381122302 124
1758578319714 0.9999541776333849 125
1758578319718 0.9999544924866157 126
1758578319722 0.9999541253272013 127
1758578319725 0.9999546242960589 128
1758578319729 0.9999547280897368 129
1758578319732 0.9999552973207938 130
1758578319735 0.9999553345209116 131
1758578319739 0.9999553065451421 132
1758578319742 0.9999532670279754 133
1758578319746 0.9999534978029713 134
1758578319750 0.9999544845050247 135
1758578319753 0.9999544714213573 136
1758578319756 0.9999546838900993 137
1758578319760 0.9999561538383712 138
1758578319765 0.9999566421626216 139
1758578319768 0.9999567523663531 140
1758578319772 0.9999582536550052 141
1758578319776 0.9999567972547431 142
1758578319780 0.9999566271505619 143
1758578319785 0.9999567322828449 144
1758578319788 0.9999568059167845 145
1758578319791 0.9999568708135408 146
1758578319797 0.9999568081555537 147
1758578319801 0.9999568136696653 148
1758578319804 0.9999598766865034 149
1758578319808 0.9999599586844172 150
1758578319812 0.9999599673385733 151
1758578319815 0.9999594569761207 152
1758578319818 0.9999594727557142 153
1758578319821 0.9999588970746482 154
1758578319825 0.9999589232975606 155
1758578319830 0.9999595183986936 156
1758578319833 0.9999595127814078 157
1758578319837 0.9999595394149596 158
1758578319841 0.9999873896933035 159
1758578319846 0.9999874328833868 160
1758578319850 0.9999872590868277 161
1758578319854 0.9999872396678977 162
1758578319858 0.999986777589358 163
1758578319862 0.9999868451493215 164
1758578319866 0.9999867547766588 165
1758578319870 0.9999866505424493 166
1758578319873 0.999986543465589 167
1758578319877 0.9999864388192609 168
1758578319882 0.999986323803706 169
1758578319886 0.9999920286707992 170
1758578319890 0.999993350018578 171
1758578319896 0.9999932458487202 172
1758578319899 0.9999931498789958 173
1758578319903 0.9999966364471332 174
1758578319906 0.9999966065302537 175
1758578319910 0.999996515587196 176
1758578319914 0.999996466103743 177
1758578319918 0.999996430903059 178
1758578319921 0.9999963090097457 179
1758578319926 0.9999963169131341 180
1758578319930 0.9999971869662453 181
1758578319934 0.9999980629918669 182
1758578319938 0.9999983315558555 183
1758578319942 0.9999982960518584 184
1758578319947 0.9999982951519064 185
1758578319951 0.9999982241482104 186
1758578319954 0.9999981912904657 187
1758578319959 0.9999984666949484 188
1758578319964 0.9999984520768331 189
1758578319967 0.9999987828448772 190
1758578319971 0.9999989833868637 191
1758578319975 0.9999989856654294 192
1758578319980 0.9999991322654257 193
1758578319984 0.9999991398131822 194
1758578319987 0.9999990938009845 195
1758578319991 0.999999239345861 196
1758578319301 0.945757791426677 0
