1758578320877 0.6520020642196804 0
1758578320882 0.6087382047591221 1
1758578320887 0.569316837229132 2
1758578320893 0.5333582394565235 3
1758578320898 0.5005105999076701 4
1758578320903 0.4700770136538741 5
1758578320907 0.44185239460839953 6
1758578320913 0.4159722755363762 7
1758578320917 0.3918140472157041 8
1758578320922 0.3693931354418431 9
1758578320928 0.3485858295044017 10
1758578320933 0.3289429761236063 11
1758578320937 0.31327401302473756 12
1758578320943 0.2960351675888037 13
1758578320947 0.2798967414505655 14
1758578320953 0.2648294574231099 15
1758578320958 0.2506887134671705 16
1758578320964 0.23741397172460343 17
1758578320969 0.22500514863920462 18
1758578320973 0.2133265767396727 19
1758578320978 0.20234642704295397 20
1758578320982 0.19202208770029228 21
1758578320987 0.18224192994092417 22
1758578320992 0.1730860206149434 23
1758578320997 0.165716325435167 24
1758578321002 0.15845154992586447 25
1758578321008 0.1516186913842814 26
1758578321013 0.144153489308514 27
1758578321018 0.1371217060424331 28
1758578321025 0.1304818636742401 29
1758578321029 0.12422594248066665 30
1758578321034 0.11827591762389314 31
1758578321040 0.11263886774949843 32
1758578321045 0.10790741478280698 33
1758578321049 0.10283606131653854 34
1758578321054 0.09803950516832587 35
1758578321060 0.0934974358612147 36
1758578321064 0.08917764360031999 37
1758578321069 0.08513421758692714 38
1758578321074 0.0812819084718749 39
1758578321079 0.07763788769816822 40
1758578321083 0.07416977198188096 41
1758578321090 0.07089467722545692 42
1758578321096 0.06773985354401649 43
1758578321100 0.06478644260183788 44
1758578321105 0.06198827534593786 45
1758578321110 0.059320162171705895 46
1758578321114 0.056786135900340214 47
1758578321119 0.05438164461175513 48
1758578321125 0.05206721223127753 49
1758578321130 0.049876718782753265 50
1758578321135 0.04782530689078065 51
1758578321140 0.04586211107083057 52
1758578321145 0.043981276780701344 53
1758578321149 0.04223508243598693 54
1758578321154 0.040563053084765696 55
1758578321159 0.039162837011986786 56
1758578321164 0.03762504590058162 57
1758578321170 0.03616728799106398 58
1758578321176 0.03475417879320638 59
1758578321181 0.033432226748911525 60
1758578321186 0.03220903166993443 61
1758578321191 0.030996294651906484 62
1758578321195 0.02985327785160438 63
1758578321200 0.028756005364732974 64
1758578321206 0.02770821496295897 65
1758578321211 0.026724671541113586 66
1758578321215 0.02577405405561509 67
1758578321220 0.025024599913899784 68
1758578321225 0.024136000608011306 69
1758578321232 0.023271194040713178 70
1758578321238 0.022475080255280895 71
1758578321242 0.02171842765554392 72
1758578321247 0.02101797759667358 73
1758578321252 0.020325308676746968 74
1758578321257 0.01966478686818135 75
1758578321263 0.0191020855040722 76
1758578321268 0.01848904926113738 77
1758578321273 0.017910341333348595 78
1758578321278 0.01733493208329113 79
1758578321283 0.016864008570422563 80
1758578321289 0.01634727211183226 81
1758578321294 0.015864312841467422 82
1758578321299 0.01539445703635409 83
1758578321304 0.01492741113624072 84
1758578321309 0.014500679347658103 85
1758578321314 0.014080162924633741 86
1758578321320 0.0136860889308335 87
1758578321326 0.013278978475030222 88
1758578321330 0.012912275919820816 89
1758578321336 0.012573019188464934 90
1758578321341 0.012238166406275284 91
1758578321347 0.01187273044086045 92
1758578321353 0.011532145836909561 93
1758578321358 0.011216284775050997 94
1758578321363 0.010897809085886037 95
1758578321368 0.010614402506503364 96
1758578321373 0.010329526914155458 97
1758578321378 0.010054832019122308 98
1758578321382 0.009784022373542672 99
1758578321389 0.009559490552761538 100
1758578321393 0.009321226083005124 101
1758578321398 0.009117110432691212 102
1758578321404 0.008878369482054524 103
1758578321409 0.00867792752580276 104
1758578321415 0.008464728136987594 105
1758578321427 0.008224811817643632 106
1758578321432 0.00801698757016008 107
1758578321439 0.007851022978682001 108
1758578321444 0.007632481928044314 109
1758578321448 0.007435286929831765 110
1758578321454 0.007259430421025514 111
1758578321459 0.0070899484021588926 112
1758578321464 0.006926303035926184 113
1758578321469 0.006756281843402123 114
1758578321475 0.006591107437807249 115
1758578321479 0.00646652201216084 116
1758578321485 0.006346804875246456 117
1758578321491 0.006197880907158718 118
1758578321496 0.006049339148620632 119
1758578321501 0.005930173418390267 120
1758578321506 0.005784027227391904 121
1758578321511 0.005644440037043546 122
1758578321516 0.005500742257018319 123
1758578321522 0.005376982090186809 124
1758578321527 0.005237375539057341 125
1758578321532 0.005128458292831496 126
1758578321537 0.005008813329199615 127
1758578321543 0.004897576696149095 128
1758578321549 0.004789366317967886 129
1758578321555 0.004693309153389703 130
1758578321560 0.004593077759945497 131
1758578321565 0.0044973500570752965 132
1758578321571 0.0044095446804621454 133
1758578321576 0.004316997609611972 134
1758578321581 0.0042347294570590594 135
1758578321586 0.004146155567286437 136
1758578321592 0.004076051365416911 137
1758578321597 0.003992298076458538 138
1758578321601 0.003907452046466524 139
1758578321607 0.003835009527800512 140
1758578321612 0.0037552833819597176 141
1758578321617 0.003690660298967878 142
1758578321624 0.0036223103069995006 143
1758578321629 0.00355680375025455 144
1758578321634 0.0034921566540316116 145
1758578321639 0.003426972144934334 146
1758578321645 0.0033626165990071097 147
1758578321650 0.0032979192211008645 148
1758578321655 0.0032368010582531823 149
1758578321661 0.0031851139592480784 150
1758578321666 0.00313118378385014 151
1758578321671 0.003077499692706119 152
1758578321677 0.003018432637984069 153
1758578321682 0.002966368422588384 154
1758578321687 0.0029107267261006533 155
1758578321693 0.002860846327796967 156
1758578321698 0.002810641563166424 157
1758578321703 0.0027586837917802287 158
1758578321710 0.002709047940735652 159
1758578321715 0.002656450543676447 160
1758578321720 0.0026143922426412483 161
1758578321726 0.002574517582439961 162
1758578321732 0.0025302975331370804 163
1758578321736 0.002487623423846196 164
1758578321743 0.00244815676504233 165
1758578321748 0.0024114745938978144 166
1758578321753 0.002369594309539751 167
1758578321760 0.0023248545348408508 168
1758578321765 0.002285373130595747 169
1758578321771 0.002246258265277495 170
1758578321778 0.0022134231578180277 171
1758578321783 0.002175331925309696 172
1758578321788 0.0021381008352496333 173
1758578321794 0.0021052663932044097 174
1758578321799 0.0020671947463043916 175
1758578321804 0.0020359920166708695 176
1758578321811 0.002007203465815403 177
1758578321817 0.0019753052762142144 178
1758578321822 0.001944891109809819 179
1758578321829 0.0019053642735040286 180
1758578321834 0.0018741570081306294 181
1758578321839 0.001843962022326053 182
1758578321846 0.0018147810341594024 183
1758578321851 0.0017867710437210616 184
1758578321856 0.0017559493185043131 185
1758578321862 0.0017236826030530032 186
1758578321867 0.0016970436550067108 187
1758578321872 0.0016708900063302373 188
1758578321878 0.001646635035124145 189
1758578321883 0.0016198970669554118 190
1758578321889 0.0015942558307445922 191
1758578321895 0.0015685972161707579 192
1758578321900 0.0015452355296697669 193
1758578321905 0.0015210970901573452 194
1758578321912 0.0015008528269026395 195
1758578321916 0.0014796887518530163 196
1758578320877 0.6520020642196804 0
